PLTSOLVD=T
CRPIX1= 3.1245000000000000E+003
CRPIX2= 2.0885000000000000E+003
CRVAL1= 9.0191005891519822E+001
CRVAL2= 4.4332651200005373E+001
CDELT1= 3.3220587380332421E-004
CDELT2= 3.3211814661200070E-004
CROTA1= 8.3475510316026075E+001
CROTA2= 8.3486847157837460E+001
CD1_1= 3.7747849655097015E-005
CD1_2=-3.3005430225319950E-004
CD2_1= 3.2997460379245611E-004
CD2_2= 3.7672591641696519E-005
CMDLINE="C:\Program Files\astap\astap.exe"   -f "C:\skytrack\Images\Streak_42954_212216.fits" -s 500
DIMENSIONS=6248 x 4176
WARNING=Warning inexact scale! Set FOV=1.39d or scale=1.2"/pix or FL=649mm 
