PLTSOLVD=T
CRPIX1= 3.1245000000000000E+003
CRPIX2= 2.0885000000000000E+003
CRVAL1= 1.0038694451223644E+002
CRVAL2= 2.0124443136647198E+001
CDELT1= 3.3214973092688706E-004
CDELT2= 3.3208339762300640E-004
CROTA1= 8.3464864256594780E+001
CROTA2= 8.3497681021198616E+001
CD1_1= 3.7802786233198076E-005
CD1_2=-3.2999150459945263E-004
CD2_1= 3.2994719581701612E-004
CD2_2= 3.7606262102572961E-005
CMDLINE="C:\Program Files\astap\astap.exe"   -f "C:\skytrack\Images\Streak_55489_220522.fits" -s 500
DIMENSIONS=6248 x 4176
WARNING=Warning inexact scale! Set FOV=1.39d or scale=1.2"/pix or FL=649mm 
