PLTSOLVD=T
CRPIX1= 3.1245000000000000E+003
CRPIX2= 2.0885000000000000E+003
CRVAL1= 1.7328999782471712E+002
CRVAL2= 6.1850495494060835E+000
CDELT1= 3.3212746237806041E-004
CDELT2= 3.3207671534885204E-004
CROTA1=-9.6294738916954699E+001
CROTA2=-9.6313146084449997E+001
CD1_1=-3.6415465284194619E-005
CD1_2= 3.3012507501525173E-004
CD2_1=-3.3006291965328983E-004
CD2_2=-3.6515940996069739E-005
CMDLINE="C:\Program Files\astap\astap.exe"   -f "C:\skytrack\Images\Streak_52334_210858.fits" -s 500
DIMENSIONS=6248 x 4176
WARNING=Warning inexact scale! Set FOV=1.39d or scale=1.2"/pix or FL=649mm 
