PLTSOLVD=T
CRPIX1= 3.1245000000000000E+003
CRPIX2= 2.0885000000000000E+003
CRVAL1= 1.6831314055440194E+002
CRVAL2= 1.2449093517546775E+001
CDELT1= 3.3198346328776210E-004
CDELT2= 3.3195335633540206E-004
CROTA1=-9.6306811365468633E+001
CROTA2=-9.6313099181255637E+001
CD1_1=-3.6469204484793768E-005
CD1_2= 3.2997426721001016E-004
CD2_1=-3.2994033860083035E-004
CD2_2=-3.6502106053046652E-005
CMDLINE="C:\Program Files\astap\astap.exe"   -f "C:\skytrack\Images\Streak_65437_213132.fits" -s 500
DIMENSIONS=6248 x 4176
WARNING=Warning inexact scale! Set FOV=1.39d or scale=1.2"/pix or FL=649mm 
