PLTSOLVD=T
CRPIX1= 3.1245000000000000E+003
CRPIX2= 2.0885000000000000E+003
CRVAL1= 2.0554858265740398E+002
CRVAL2= 2.7525259220960326E+001
CDELT1= 3.3209186745219760E-004
CDELT2= 3.3202412005452621E-004
CROTA1=-9.6338687577254021E+001
CROTA2=-9.6360396691950839E+001
CD1_1=-3.6664746723940961E-005
CD1_2= 3.3006166814029953E-004
CD2_1=-3.2998042194574756E-004
CD2_2=-3.6782297786963201E-005
CMDLINE="C:\Program Files\astap\astap.exe"   -f "C:\skytrack\Images\Streak_48381_215536.fits" -s 500
DIMENSIONS=6248 x 4176
WARNING=Warning inexact scale! Set FOV=1.39d or scale=1.2"/pix or FL=649mm 
