PLTSOLVD=T
CRPIX1= 3.1245000000000000E+003
CRPIX2= 2.0885000000000000E+003
CRVAL1= 9.4701462810945273E+001
CRVAL2= 1.3873826516129617E+001
CDELT1= 3.3213792081484742E-004
CDELT2= 3.3207804944179010E-004
CROTA1= 8.3464377816562745E+001
CROTA2= 8.3499274480765393E+001
CD1_1= 3.7804243615352608E-005
CD1_2=-3.2997945028119698E-004
CD2_1= 3.2994292776686231E-004
CD2_2= 3.7596480389726049E-005
CMDLINE="C:\Program Files\astap\astap.exe"   -f "C:\skytrack\Images\Streak_47772_214627.fits" -s 500
DIMENSIONS=6248 x 4176
WARNING=Warning inexact scale! Set FOV=1.39d or scale=1.2"/pix or FL=649mm 
