PLTSOLVD=T
CRPIX1= 3.1245000000000000E+003
CRPIX2= 2.0885000000000000E+003
CRVAL1= 1.8383696131933343E+002
CRVAL2= 9.0613610631529813E+000
CDELT1= 3.3140079798444797E-004
CDELT2= 3.3260077654680506E-004
CROTA1=-9.6356676009737384E+001
CROTA2=-9.6448052067905138E+001
CD1_1=-3.6691856749208089E-005
CD1_2= 3.2936331998725127E-004
CD2_1=-3.3049677210251815E-004
CD2_2=-3.7351843185496422E-005
CMDLINE="C:\Program Files\astap\astap.exe"   -f "C:\skytrack\Images\Streak_49436_205810.fits" -s 500
DIMENSIONS=6248 x 4176
WARNING=Warning inexact scale! Set FOV=1.39d or scale=1.2"/pix or FL=648mm 
