PLTSOLVD=T
CRPIX1= 3.1245000000000000E+003
CRPIX2= 2.0885000000000000E+003
CRVAL1= 5.5552746023221289E+001
CRVAL2= 3.5592645169608019E+001
CDELT1= 3.3225836663218071E-004
CDELT2= 3.3226799236600374E-004
CROTA1= 8.3419137163019812E+001
CROTA2= 8.3503567829302426E+001
CD1_1= 3.8078586771445231E-005
CD1_2=-3.3006914946200912E-004
CD2_1= 3.3013446734243330E-004
CD2_2= 3.7593247046012869E-005
CMDLINE="C:\Program Files\astap\astap.exe"   -f "C:\skytrack\Images\Streak_52331_211052.fits" -s 500
DIMENSIONS=6248 x 4176
WARNING=Warning inexact scale! Set FOV=1.39d or scale=1.2"/pix or FL=648mm 
