PLTSOLVD=T
CRPIX1= 3.1245000000000000E+003
CRPIX2= 2.0885000000000000E+003
CRVAL1= 5.5780946004011007E+001
CRVAL2= 4.7247914436172358E+001
CDELT1= 3.3213546930419447E-004
CDELT2= 3.3201688912608192E-004
CROTA1= 8.3412648458086736E+001
CROTA2= 8.3449643155308920E+001
CD1_1= 3.8101868098181501E-005
CD1_2=-3.2994274899949882E-004
CD2_1= 3.2984947572325273E-004
CD2_2= 3.7875295775165745E-005
CMDLINE="C:\Program Files\astap\astap.exe"   -f "C:\skytrack\Images\Streak_49436_205459.fits" -s 500
DIMENSIONS=6248 x 4176
WARNING=Warning inexact scale! Set FOV=1.39d or scale=1.2"/pix or FL=649mm 
