PLTSOLVD=T
CRPIX1= 3.1245000000000000E+003
CRPIX2= 2.0885000000000000E+003
CRVAL1= 8.4995396166415532E+001
CRVAL2= 5.2154325023158243E+001
CDELT1= 3.3204584589140596E-004
CDELT2= 3.3198817208395930E-004
CROTA1= 8.3457283082241801E+001
CROTA2= 8.3457852997410413E+001
CD1_1= 3.7834612137456417E-005
CD1_2=-3.2988329132914196E-004
CD2_1= 3.2982636939605045E-004
CD2_2= 3.7824759809794714E-005
CMDLINE="C:\Program Files\astap\astap.exe"   -f "C:\skytrack\Images\Streak_49445_213812.fits" -s 500
DIMENSIONS=6248 x 4176
WARNING=Warning inexact scale! Set FOV=1.39d or scale=1.2"/pix or FL=649mm 
