PLTSOLVD=T
CRPIX1= 3.1245000000000000E+003
CRPIX2= 2.0885000000000000E+003
CRVAL1= 2.2820763667428341E+002
CRVAL2= 7.5844773966627116E+001
CDELT1= 3.3205778017679808E-004
CDELT2= 3.3198842511095476E-004
CROTA1=-9.6164911525727703E+001
CROTA2=-9.6157088096857407E+001
CD1_1=-3.5659853728715847E-005
CD1_2= 3.3013746259397667E-004
CD2_1=-3.3007337368043085E-004
CD2_2=-3.5607336250704099E-005
CMDLINE="C:\Program Files\astap\astap.exe"   -f "C:\skytrack\Images\Streak_57973_213606.fits" -s 500
DIMENSIONS=6248 x 4176
WARNING=Warning inexact scale! Set FOV=1.39d or scale=1.2"/pix or FL=649mm 
