PLTSOLVD=T
CRPIX1= 3.1245000000000000E+003
CRPIX2= 2.0885000000000000E+003
CRVAL1= 1.8764030980587307E+002
CRVAL2= 3.5196784766757901E+001
CDELT1= 3.3230954586693686E-004
CDELT2= 3.3200813497573676E-004
CROTA1=-9.6287239772051777E+001
CROTA2=-9.6318119716241526E+001
CD1_1=-3.6392197127170449E-005
CD1_2= 3.3031082674133918E-004
CD2_1=-3.2999158476799430E-004
CD2_2=-3.6537045205854440E-005
CMDLINE="C:\Program Files\astap\astap.exe"   -f "C:\skytrack\Images\Streak_48140_212729.fits" -s 500
DIMENSIONS=6248 x 4176
WARNING=Warning inexact scale! Set FOV=1.39d or scale=1.2"/pix or FL=649mm 
