PLTSOLVD=T
CRPIX1= 3.1245000000000000E+003
CRPIX2= 2.0885000000000000E+003
CRVAL1= 9.2029092190450612E+001
CRVAL2= 1.9146817605452604E+001
CDELT1= 3.3214470227046957E-004
CDELT2= 3.3203998815333369E-004
CROTA1= 8.3462644912562553E+001
CROTA2= 8.3505494988011222E+001
CD1_1= 3.7814995862363528E-005
CD1_2=-3.2998504410695391E-004
CD2_1= 3.2990919057145697E-004
CD2_2= 3.7556353781378349E-005
CMDLINE="C:\Program Files\astap\astap.exe"   -f "C:\skytrack\Images\Streak_57973_213624.fits" -s 500
DIMENSIONS=6248 x 4176
WARNING=Warning inexact scale! Set FOV=1.39d or scale=1.2"/pix or FL=649mm 
