PLTSOLVD=T
CRPIX1= 3.1245000000000000E+003
CRPIX2= 2.0885000000000000E+003
CRVAL1= 2.5761018259192906E+002
CRVAL2= 7.0049509484306625E+001
CDELT1= 3.3209689059701425E-004
CDELT2= 3.3198339432225643E-004
CROTA1=-9.6301753456782606E+001
CROTA2=-9.6308588224363874E+001
CD1_1=-3.6452525469557572E-005
CD1_2= 3.3009022725778557E-004
CD2_1=-3.2997306751909210E-004
CD2_2=-3.6479430063633110E-005
CMDLINE="C:\Program Files\astap\astap.exe"   -f "C:\skytrack\Images\Streak_51771_223817.fits" -s 500
DIMENSIONS=6248 x 4176
WARNING=Warning inexact scale! Set FOV=1.39d or scale=1.2"/pix or FL=649mm 
