PLTSOLVD=T
CRPIX1= 3.1245000000000000E+003
CRPIX2= 2.0885000000000000E+003
CRVAL1= 1.1942475838413591E+002
CRVAL2= 5.5101881768975090E+001
CDELT1= 3.3202787257884087E-004
CDELT2= 3.3199172132662545E-004
CROTA1= 8.3462561799766547E+001
CROTA2= 8.3461693199998052E+001
CD1_1= 3.7802173194118506E-005
CD1_2=-3.2986891922555064E-004
CD2_1= 3.2983242998690281E-004
CD2_2= 3.7803057526483133E-005
CMDLINE="C:\Program Files\astap\astap.exe"   -f "C:\skytrack\Images\Streak_41188_213420.fits" -s 500
DIMENSIONS=6248 x 4176
WARNING=Warning inexact scale! Set FOV=1.39d or scale=1.2"/pix or FL=649mm 
