PLTSOLVD=T
CRPIX1= 3.1245000000000000E+003
CRPIX2= 2.0885000000000000E+003
CRVAL1= 8.5592159767257485E+001
CRVAL2= 1.6183411919511904E+001
CDELT1= 3.3207502430073231E-004
CDELT2= 3.3204125590366348E-004
CROTA1= 8.3468191009291417E+001
CROTA2= 8.3515741627940088E+001
CD1_1= 3.7775127705471676E-005
CD1_2=-3.2991947728372640E-004
CD2_1= 3.2991716142445246E-004
CD2_2= 3.7497496179264102E-005
CMDLINE="C:\Program Files\astap\astap.exe"   -f "C:\skytrack\Images\Streak_58932_212053.fits" -s 500
DIMENSIONS=6248 x 4176
WARNING=Warning inexact scale! Set FOV=1.39d or scale=1.2"/pix or FL=649mm 
