PLTSOLVD=T
CRPIX1= 3.1245000000000000E+003
CRPIX2= 2.0885000000000000E+003
CRVAL1= 1.1898521375312329E+002
CRVAL2= 3.6574779374641295E+001
CDELT1= 3.3207625567331216E-004
CDELT2= 3.3197982546643087E-004
CROTA1= 8.3462708519305650E+001
CROTA2= 8.3465551465588092E+001
CD1_1= 3.7806836894553038E-005
CD1_2=-3.2991708453191027E-004
CD2_1= 3.2982315629562686E-004
CD2_2= 3.7779492954675993E-005
CMDLINE="C:\Program Files\astap\astap.exe"   -f "C:\skytrack\Images\Streak_51771_223622.fits" -s 500
DIMENSIONS=6248 x 4176
WARNING=Warning inexact scale! Set FOV=1.39d or scale=1.2"/pix or FL=649mm 
