PLTSOLVD=T
CRPIX1= 3.1245000000000000E+003
CRPIX2= 2.0885000000000000E+003
CRVAL1= 6.2524683942865600E+001
CRVAL2= 4.8239293693942827E+001
CDELT1= 3.3229033625610310E-004
CDELT2= 3.3215753938855864E-004
CROTA1= 8.3434081544950104E+001
CROTA2= 8.3443163819050440E+001
CD1_1= 3.7996149586295390E-005
CD1_2=-3.3011083015528278E-004
CD2_1= 3.2998492073706495E-004
CD2_2= 3.7928657487641798E-005
CMDLINE="C:\Program Files\astap\astap.exe"   -f "C:\skytrack\Images\Streak_48104_205520.fits" -s 500
DIMENSIONS=6248 x 4176
WARNING=Warning inexact scale! Set FOV=1.39d or scale=1.2"/pix or FL=649mm 
