PLTSOLVD=T
CRPIX1= 3.1245000000000000E+003
CRPIX2= 2.0885000000000000E+003
CRVAL1= 1.3690922765565065E+002
CRVAL2= 6.4839163675752602E+001
CDELT1= 3.3207631933855852E-004
CDELT2= 3.3201478612653848E-004
CROTA1= 8.3377486537624918E+001
CROTA2= 8.3388300615917075E+001
CD1_1= 3.8297522283661587E-005
CD1_2=-3.2986054879657369E-004
CD2_1= 3.2980664727265402E-004
CD2_2= 3.8228178369133219E-005
CMDLINE="C:\Program Files\astap\astap.exe"   -f "C:\skytrack\Images\Streak_51771_223710.fits" -s 500
DIMENSIONS=6248 x 4176
WARNING=Warning inexact scale! Set FOV=1.39d or scale=1.2"/pix or FL=649mm 
