PLTSOLVD=T
CRPIX1= 3.1245000000000000E+003
CRPIX2= 2.0885000000000000E+003
CRVAL1= 2.3801716124836986E+002
CRVAL2= 3.2455759676774754E+001
CDELT1= 3.3226158005848208E-004
CDELT2= 3.3210683973881828E-004
CROTA1=-9.6345244381200558E+001
CROTA2=-9.6393009591924724E+001
CD1_1=-3.6721274517268851E-005
CD1_2= 3.3022614309104371E-004
CD2_1=-3.3004163720911717E-004
CD2_2=-3.6979328139253962E-005
CMDLINE="C:\Program Files\astap\astap.exe"   -f "C:\skytrack\Images\Streak_48381_215634.fits" -s 500
DIMENSIONS=6248 x 4176
WARNING=Warning inexact scale! Set FOV=1.39d or scale=1.2"/pix or FL=649mm 
