PLTSOLVD=T
CRPIX1= 3.1245000000000000E+003
CRPIX2= 2.0885000000000000E+003
CRVAL1= 1.1469612459740347E+002
CRVAL2= 7.3325776731562442E+001
CDELT1= 3.3202861509546935E-004
CDELT2= 3.3206740888596428E-004
CROTA1= 8.3465915543871930E+001
CROTA2= 8.3398460039374029E+001
CD1_1= 3.7782949116783571E-005
CD1_2=-3.2987186906169172E-004
CD2_1= 3.2986569438575212E-004
CD2_2= 3.8175747689387298E-005
CMDLINE="C:\Program Files\astap\astap.exe"   -f "C:\skytrack\Images\Streak_48140_212622.fits" -s 500
DIMENSIONS=6248 x 4176
WARNING=Warning inexact scale! Set FOV=1.39d or scale=1.2"/pix or FL=649mm 
