PLTSOLVD=T
CRPIX1= 3.1245000000000000E+003
CRPIX2= 2.0885000000000000E+003
CRVAL1= 1.1602749700575592E+002
CRVAL2= 2.4042176958492430E+001
CDELT1= 3.3207477382905614E-004
CDELT2= 3.3200892079298012E-004
CROTA1= 8.3465585934340567E+001
CROTA2= 8.3481762535602272E+001
CD1_1= 3.7790099656214930E-005
CD1_2=-3.2991751057134290E-004
CD2_1= 3.2986273954082202E-004
CD2_2= 3.7689475304694262E-005
CMDLINE="C:\Program Files\astap\astap.exe"   -f "C:\skytrack\Images\Streak_58354_223322.fits" -s 500
DIMENSIONS=6248 x 4176
WARNING=Warning inexact scale! Set FOV=1.39d or scale=1.2"/pix or FL=649mm 
