PLTSOLVD=T
CRPIX1= 3.1245000000000000E+003
CRPIX2= 2.0885000000000000E+003
CRVAL1= 6.1102578645317820E+001
CRVAL2= 3.7117219746511395E+001
CDELT1= 3.3226789017291793E-004
CDELT2= 3.3214588255501838E-004
CROTA1= 8.3429332988608550E+001
CROTA2= 8.3493103546576194E+001
CD1_1= 3.8020939889070305E-005
CD1_2=-3.3008538133324529E-004
CD2_1= 3.3000627274240433E-004
CD2_2= 3.7639703092849834E-005
CMDLINE="C:\Program Files\astap\astap.exe"   -f "C:\skytrack\Images\Streak_52331_211114.fits" -s 500
DIMENSIONS=6248 x 4176
WARNING=Warning inexact scale! Set FOV=1.39d or scale=1.2"/pix or FL=649mm 
