PLTSOLVD=T
CRPIX1= 3.1245000000000000E+003
CRPIX2= 2.0885000000000000E+003
CRVAL1= 3.4709876236461423E+002
CRVAL2= 7.5206946921763333E+001
CDELT1= 3.3204236152528167E-004
CDELT2= 3.3229976846109444E-004
CROTA1= 8.3102496136725719E+001
CROTA2= 8.3090902565697149E+001
CD1_1= 3.9876158712463130E-005
CD1_2=-3.2963922978557073E-004
CD2_1= 3.2988669196863858E-004
CD2_2= 3.9973823701086666E-005
CMDLINE="C:\Program Files\astap\astap.exe"   -f "C:\skytrack\Images\Streak_43071_220121.fits" -s 500
DIMENSIONS=6248 x 4176
WARNING=Warning inexact scale! Set FOV=1.39d or scale=1.2"/pix or FL=648mm 
