PLTSOLVD=T
CRPIX1= 3.1245000000000000E+003
CRPIX2= 2.0885000000000000E+003
CRVAL1= 1.4306582624180209E+002
CRVAL2= 3.2952824910536258E+001
CDELT1= 3.3205366083540437E-004
CDELT2= 3.3199609158806947E-004
CROTA1= 8.3448850004465427E+001
CROTA2= 8.3445298322818658E+001
CD1_1= 3.7884057199141743E-005
CD1_2=-3.2988548298511997E-004
CD2_1= 3.2982594103809414E-004
CD2_2= 3.7897934615088026E-005
CMDLINE="C:\Program Files\astap\astap.exe"   -f "C:\skytrack\Images\Streak_58354_223407.fits" -s 500
DIMENSIONS=6248 x 4176
WARNING=Warning inexact scale! Set FOV=1.39d or scale=1.2"/pix or FL=649mm 
