PLTSOLVD=T
CRPIX1= 3.1245000000000000E+003
CRPIX2= 2.0885000000000000E+003
CRVAL1= 5.3961623320441340E+001
CRVAL2= 3.5718880240810087E+001
CDELT1= 3.3242444790227777E-004
CDELT2= 3.3220649396618272E-004
CROTA1= 8.3403596390572076E+001
CROTA2= 8.3515524111320943E+001
CD1_1= 3.8187191101500447E-005
CD1_2=-3.3022379078272309E-004
CD2_1= 3.3008120001785642E-004
CD2_2= 3.7517409666384190E-005
CMDLINE="C:\Program Files\astap\astap.exe"   -f "C:\skytrack\Images\Streak_44768_211607.fits" -s 500
DIMENSIONS=6248 x 4176
WARNING=Warning inexact scale! Set FOV=1.39d or scale=1.2"/pix or FL=648mm 
