PLTSOLVD=T
CRPIX1= 3.1245000000000000E+003
CRPIX2= 2.0885000000000000E+003
CRVAL1= 1.3074464989588543E+002
CRVAL2= 4.1731821343627800E+001
CDELT1= 3.3206838696921061E-004
CDELT2= 3.3200592162675307E-004
CROTA1= 8.3450411757020802E+001
CROTA2= 8.3458686420129752E+001
CD1_1= 3.7876744965824930E-005
CD1_2=-3.2990114551957421E-004
CD2_1= 3.2984455355175905E-004
CD2_2= 3.7821984182092684E-005
CMDLINE="C:\Program Files\astap\astap.exe"   -f "C:\skytrack\Images\Streak_65474_222419.fits" -s 500
DIMENSIONS=6248 x 4176
WARNING=Warning inexact scale! Set FOV=1.39d or scale=1.2"/pix or FL=649mm 
