PLTSOLVD=T
CRPIX1= 3.1245000000000000E+003
CRPIX2= 2.0885000000000000E+003
CRVAL1= 1.2755445501035153E+002
CRVAL2= 3.2107395867401536E+001
CDELT1= 3.3204075097386320E-004
CDELT2= 3.3199378861759147E-004
CROTA1= 8.3477882882262392E+001
CROTA2= 8.3484797796135553E+001
CD1_1= 3.7715426609613203E-005
CD1_2=-3.2989181090615436E-004
CD2_1= 3.2984970124030205E-004
CD2_2= 3.7670283677528669E-005
CMDLINE="C:\Program Files\astap\astap.exe"   -f "C:\skytrack\Images\Streak_59542_214232.fits" -s 500
DIMENSIONS=6248 x 4176
WARNING=Warning inexact scale! Set FOV=1.39d or scale=1.2"/pix or FL=649mm 
