PLTSOLVD=T
CRPIX1= 3.1245000000000000E+003
CRPIX2= 2.0885000000000000E+003
CRVAL1= 1.9123740320344646E+002
CRVAL2= 2.4221620817696859E+001
CDELT1= 3.3229349754615461E-004
CDELT2= 3.3205696717984593E-004
CROTA1=-9.6248877961924805E+001
CROTA2=-9.6313988033073386E+001
CD1_1=-3.6169285892723204E-005
CD1_2= 3.3031916576164137E-004
CD2_1=-3.3004275464480358E-004
CD2_2=-3.6518619348864599E-005
CMDLINE="C:\Program Files\astap\astap.exe"   -f "C:\skytrack\Images\Streak_40339_211846.fits" -s 500
DIMENSIONS=6248 x 4176
WARNING=Warning inexact scale! Set FOV=1.39d or scale=1.2"/pix or FL=649mm 
