PLTSOLVD=T
CRPIX1= 3.1245000000000000E+003
CRPIX2= 2.0885000000000000E+003
CRVAL1= 1.2962719528024377E+002
CRVAL2= 1.1918386449047910E+001
CDELT1= 3.3202255022840896E-004
CDELT2= 3.3200254178428337E-004
CROTA1= 8.3474188232895855E+001
CROTA2= 8.3490932331757051E+001
CD1_1= 3.7734630678068480E-005
CD1_2=-3.2987129536800580E-004
CD2_1= 3.2986242936890197E-004
CD2_2= 3.7635959428065357E-005
CMDLINE="C:\Program Files\astap\astap.exe"   -f "C:\skytrack\Images\Streak_40358_213211.fits" -s 500
DIMENSIONS=6248 x 4176
WARNING=Warning inexact scale! Set FOV=1.39d or scale=1.2"/pix or FL=649mm 
