PLTSOLVD=T
CRPIX1= 3.1245000000000000E+003
CRPIX2= 2.0885000000000000E+003
CRVAL1= 1.3346797291637333E+002
CRVAL2= 2.4838136254519178E+001
CDELT1= 3.3205123784899829E-004
CDELT2= 3.3193879571276314E-004
CROTA1= 8.3471372345339219E+001
CROTA2= 8.3489526473290709E+001
CD1_1= 3.7754104427132331E-005
CD1_2=-3.2989794203049712E-004
CD2_1= 3.2979817081897237E-004
CD2_2= 3.7636825366911871E-005
CMDLINE="C:\Program Files\astap\astap.exe"   -f "C:\skytrack\Images\Streak_40358_213250.fits" -s 500
DIMENSIONS=6248 x 4176
WARNING=Warning inexact scale! Set FOV=1.39d or scale=1.2"/pix or FL=649mm 
