PLTSOLVD=T
CRPIX1= 3.1245000000000000E+003
CRPIX2= 2.0885000000000000E+003
CRVAL1= 1.9450184059754383E+002
CRVAL2= 2.6598365940571259E+001
CDELT1= 3.3201491623038924E-004
CDELT2= 3.3199243542448523E-004
CROTA1=-9.6322427796998568E+001
CROTA2=-9.6351318041219329E+001
CD1_1=-3.6562604008378178E-005
CD1_2= 3.2999557661823127E-004
CD2_1=-3.2995475588632459E-004
CD2_2=-3.6726506055939416E-005
CMDLINE="C:\Program Files\astap\astap.exe"   -f "C:\skytrack\Images\Streak_57973_213851.fits" -s 500
DIMENSIONS=6248 x 4176
WARNING=Warning inexact scale! Set FOV=1.39d or scale=1.2"/pix or FL=649mm 
