PLTSOLVD=T
CRPIX1= 3.1245000000000000E+003
CRPIX2= 2.0885000000000000E+003
CRVAL1= 1.1769354747751437E+002
CRVAL2= 2.6684555153547141E+001
CDELT1= 3.3192833518381012E-004
CDELT2= 3.3185110663870918E-004
CROTA1= 8.3486510169288138E+001
CROTA2= 8.3504099076542545E+001
CD1_1= 3.7653000740996504E-005
CD1_2=-3.2978579598444549E-004
CD2_1= 3.2972060659243718E-004
CD2_2= 3.7543022862460287E-005
CMDLINE="C:\Program Files\astap\astap.exe"   -f "C:\skytrack\Images\Streak_62895_212558.fits" -s 500
DIMENSIONS=6248 x 4176
WARNING=Warning inexact scale! Set FOV=1.39d or scale=1.2"/pix or FL=649mm 
