PLTSOLVD=T
CRPIX1= 3.1245000000000000E+003
CRPIX2= 2.0885000000000000E+003
CRVAL1= 1.0454566197637929E+002
CRVAL2= 2.1979185587241695E+001
CDELT1= 3.3209672777167613E-004
CDELT2= 3.3201722062539105E-004
CROTA1= 8.3465134867259820E+001
CROTA2= 8.3501898792076304E+001
CD1_1= 3.7795195495267123E-005
CD1_2=-3.2993902435772782E-004
CD2_1= 3.2988421141942425E-004
CD2_2= 3.7574484001702537E-005
CMDLINE="C:\Program Files\astap\astap.exe"   -f "C:\skytrack\Images\Streak_55489_220535.fits" -s 500
DIMENSIONS=6248 x 4176
WARNING=Warning inexact scale! Set FOV=1.39d or scale=1.2"/pix or FL=649mm 
