PLTSOLVD=T
CRPIX1= 3.1245000000000000E+003
CRPIX2= 2.0885000000000000E+003
CRVAL1= 1.1381672564556781E+002
CRVAL2= 1.9801950310071287E+001
CDELT1= 3.3213468251611734E-004
CDELT2= 3.3208972915260579E-004
CROTA1= 8.3460705172307030E+001
CROTA2= 8.3491324720359188E+001
CD1_1= 3.7825026340468514E-005
CD1_2=-3.2997380913100499E-004
CD2_1= 3.2994931252994144E-004
CD2_2= 3.7643583379775557E-005
CMDLINE="C:\Program Files\astap\astap.exe"   -f "C:\skytrack\Images\Streak_51771_223543.fits" -s 500
DIMENSIONS=6248 x 4176
WARNING=Warning inexact scale! Set FOV=1.39d or scale=1.2"/pix or FL=649mm 
