PLTSOLVD=T
CRPIX1= 3.1245000000000000E+003
CRPIX2= 2.0885000000000000E+003
CRVAL1= 1.8482683742088503E+002
CRVAL2=-5.7838609071854483E+000
CDELT1= 3.3213661806556462E-004
CDELT2= 3.3220284338448467E-004
CROTA1=-9.6298654910811607E+001
CROTA2=-9.6334671743555631E+001
CD1_1=-3.6439032732516982E-005
CD1_2= 3.3013168577637210E-004
CD2_1=-3.3017453549831033E-004
CD2_2=-3.6653857385157727E-005
CMDLINE="C:\Program Files\astap\astap.exe"   -f "C:\skytrack\Images\Streak_44768_211949.fits" -s 500
DIMENSIONS=6248 x 4176
WARNING=Warning inexact scale! Set FOV=1.39d or scale=1.2"/pix or FL=648mm 
