PLTSOLVD=T
CRPIX1= 3.1245000000000000E+003
CRPIX2= 2.0885000000000000E+003
CRVAL1= 5.8855633532298860E+001
CRVAL2= 6.5358187327902996E+001
CDELT1= 3.3223771128294876E-004
CDELT2= 3.3207147358505445E-004
CROTA1= 8.3365257061003902E+001
CROTA2= 8.3392222183412173E+001
CD1_1= 3.8386575517306075E-005
CD1_2=-3.3001267796644749E-004
CD2_1= 3.2986557389215292E-004
CD2_2= 3.8212128045296601E-005
CMDLINE="C:\Program Files\astap\astap.exe"   -f "C:\skytrack\Images\Streak_48140_212547.fits" -s 500
DIMENSIONS=6248 x 4176
WARNING=Warning inexact scale! Set FOV=1.39d or scale=1.2"/pix or FL=649mm 
