PLTSOLVD=T
CRPIX1= 3.1245000000000000E+003
CRPIX2= 2.0885000000000000E+003
CRVAL1= 1.2242408419774330E+002
CRVAL2= 4.0302863625882537E+001
CDELT1= 3.3203429819323300E-004
CDELT2= 3.3201268158018288E-004
CROTA1= 8.3491374625158073E+001
CROTA2= 8.3489127507424513E+001
CD1_1= 3.7637012739228589E-005
CD1_2=-3.2989427162159079E-004
CD2_1= 3.2987131806557358E-004
CD2_2= 3.7647499887045631E-005
CMDLINE="C:\Program Files\astap\astap.exe"   -f "C:\skytrack\Images\Streak_52334_210732.fits" -s 500
DIMENSIONS=6248 x 4176
WARNING=Warning inexact scale! Set FOV=1.39d or scale=1.2"/pix or FL=649mm 
