PLTSOLVD=T
CRPIX1= 3.1245000000000000E+003
CRPIX2= 2.0885000000000000E+003
CRVAL1= 2.0700652683649929E+002
CRVAL2= 2.4937183009653179E+001
CDELT1= 3.3195716654962101E-004
CDELT2= 3.3186402403325457E-004
CROTA1=-9.6326880468195910E+001
CROTA2=-9.6344280715818272E+001
CD1_1=-3.6581885048708496E-005
CD1_2= 3.2993533625535760E-004
CD2_1=-3.2983163933143766E-004
CD2_2=-3.6671789477485286E-005
CMDLINE="C:\Program Files\astap\astap.exe"   -f "C:\skytrack\Images\Streak_62895_212748.fits" -s 500
DIMENSIONS=6248 x 4176
WARNING=Warning inexact scale! Set FOV=1.39d or scale=1.2"/pix or FL=649mm 
