PLTSOLVD=T
CRPIX1= 3.1245000000000000E+003
CRPIX2= 2.0885000000000000E+003
CRVAL1= 1.3660411899382981E+002
CRVAL2= 3.3859792715210673E+001
CDELT1= 3.3202380451545071E-004
CDELT2= 3.3198728198329550E-004
CROTA1= 8.3469951352417041E+001
CROTA2= 8.3478194562761686E+001
CD1_1= 3.7759166380113668E-005
CD1_2=-3.2986975023362348E-004
CD2_1= 3.2983889309081739E-004
CD2_2= 3.7707558967407513E-005
CMDLINE="C:\Program Files\astap\astap.exe"   -f "C:\skytrack\Images\Streak_57973_213747.fits" -s 500
DIMENSIONS=6248 x 4176
WARNING=Warning inexact scale! Set FOV=1.39d or scale=1.2"/pix or FL=649mm 
