PLTSOLVD=T
CRPIX1= 3.1245000000000000E+003
CRPIX2= 2.0885000000000000E+003
CRVAL1= 1.6277184902110525E+002
CRVAL2=-1.1597927066823801E+000
CDELT1= 3.3197036744763483E-004
CDELT2= 3.3199792994113104E-004
CROTA1=-9.6300397798896483E+001
CROTA2=-9.6312792994992151E+001
CD1_1=-3.6430830491846268E-005
CD1_2= 3.2996533068337959E-004
CD2_1=-3.2998483699237164E-004
CD2_2=-3.6505244011156242E-005
CMDLINE="C:\Program Files\astap\astap.exe"   -f "C:\skytrack\Images\Streak_65437_213159.fits" -s 500
DIMENSIONS=6248 x 4176
WARNING=Warning inexact scale! Set FOV=1.39d or scale=1.2"/pix or FL=649mm 
