PLTSOLVD=T
CRPIX1= 3.1245000000000000E+003
CRPIX2= 2.0885000000000000E+003
CRVAL1= 5.3163935228646963E+001
CRVAL2= 3.4816498809764369E+001
CDELT1= 3.3229905433664248E-004
CDELT2= 3.3220212494671181E-004
CROTA1= 8.3405417499063518E+001
CROTA2= 8.3518171207446770E+001
CD1_1= 3.8162294535958636E-005
CD1_2=-3.3010044045529171E-004
CD2_1= 3.3007859189885532E-004
CD2_2= 3.7501666485366312E-005
CMDLINE="C:\Program Files\astap\astap.exe"   -f "C:\skytrack\Images\Streak_52331_211041.fits" -s 500
DIMENSIONS=6248 x 4176
WARNING=Warning inexact scale! Set FOV=1.39d or scale=1.2"/pix or FL=648mm 
