PLTSOLVD=T
CRPIX1= 3.1245000000000000E+003
CRPIX2= 2.0885000000000000E+003
CRVAL1= 2.1462616011565939E+002
CRVAL2= 2.4985622314315975E+001
CDELT1= 3.3210449644012404E-004
CDELT2= 3.3197774111206550E-004
CROTA1=-9.6342733866477815E+001
CROTA2=-9.6364163909714563E+001
CD1_1=-3.6689451135786775E-005
CD1_2= 3.3007162969740840E-004
CD2_1=-3.2993190965376702E-004
CD2_2=-3.6798853053975679E-005
CMDLINE="C:\Program Files\astap\astap.exe"   -f "C:\skytrack\Images\Streak_59504_215232.fits" -s 500
DIMENSIONS=6248 x 4176
WARNING=Warning inexact scale! Set FOV=1.39d or scale=1.2"/pix or FL=649mm 
