PLTSOLVD=T
CRPIX1= 3.1245000000000000E+003
CRPIX2= 2.0885000000000000E+003
CRVAL1= 1.1916564669295812E+002
CRVAL2= 2.1970560734699028E+001
CDELT1= 3.3208341998012657E-004
CDELT2= 3.3204210928241309E-004
CROTA1= 8.3462464917409193E+001
CROTA2= 8.3477692521378330E+001
CD1_1= 3.7809055273511350E-005
CD1_2=-3.2992404150807453E-004
CD2_1= 3.2989303511486538E-004
CD2_2= 3.7716676940263335E-005
CMDLINE="C:\Program Files\astap\astap.exe"   -f "C:\skytrack\Images\Streak_63994_223035.fits" -s 500
DIMENSIONS=6248 x 4176
WARNING=Warning inexact scale! Set FOV=1.39d or scale=1.2"/pix or FL=649mm 
