PLTSOLVD=T
CRPIX1= 3.1245000000000000E+003
CRPIX2= 2.0885000000000000E+003
CRVAL1= 1.5964837970657084E+002
CRVAL2= 4.8605964423860406E+001
CDELT1= 3.3231604253168974E-004
CDELT2= 3.3202473008281939E-004
CROTA1=-9.6200589278773109E+001
CROTA2=-9.6213441315813341E+001
CD1_1=-3.5893316313580157E-005
CD1_2= 3.3037194488627072E-004
CD2_1=-3.3007428416904802E-004
CD2_2=-3.5935891763800743E-005
CMDLINE="C:\Program Files\astap\astap.exe"   -f "C:\skytrack\Images\Streak_50193_205849.fits" -s 500
DIMENSIONS=6248 x 4176
WARNING=Warning inexact scale! Set FOV=1.39d or scale=1.2"/pix or FL=649mm 
