PLTSOLVD=T
CRPIX1= 3.1245000000000000E+003
CRPIX2= 2.0885000000000000E+003
CRVAL1= 1.6314819136575161E+002
CRVAL2= 1.2391916048902511E+001
CDELT1= 3.3203167231856572E-004
CDELT2= 3.3206934583956049E-004
CROTA1=-9.6321943256871862E+001
CROTA2=-9.6329977988141437E+001
CD1_1=-3.6561658389875589E-005
CD1_2= 3.3001254000180881E-004
CD2_1=-3.3004485346442450E-004
CD2_2=-3.6612090188354087E-005
CMDLINE="C:\Program Files\astap\astap.exe"   -f "C:\skytrack\Images\Streak_43071_220509.fits" -s 500
DIMENSIONS=6248 x 4176
WARNING=Warning inexact scale! Set FOV=1.39d or scale=1.2"/pix or FL=649mm 
