PLTSOLVD=T
CRPIX1= 3.1245000000000000E+003
CRPIX2= 2.0885000000000000E+003
CRVAL1= 1.0043382960662272E+002
CRVAL2= 7.8608882468079226E+000
CDELT1= 3.3211941128869583E-004
CDELT2= 3.3208390015914535E-004
CROTA1= 8.3473729367578059E+001
CROTA2= 8.3502732024486036E+001
CD1_1= 3.7748281628950099E-005
CD1_2=-3.2996722653744171E-004
CD2_1= 3.2995100908501105E-004
CD2_2= 3.7577231785912068E-005
CMDLINE="C:\Program Files\astap\astap.exe"   -f "C:\skytrack\Images\Streak_46146_212123.fits" -s 500
DIMENSIONS=6248 x 4176
WARNING=Warning inexact scale! Set FOV=1.39d or scale=1.2"/pix or FL=649mm 
