PLTSOLVD=T
CRPIX1= 3.1245000000000000E+003
CRPIX2= 2.0885000000000000E+003
CRVAL1= 1.0604631986193931E+002
CRVAL2= 2.4868264357808634E+001
CDELT1= 3.3204418856188072E-004
CDELT2= 3.3195576443671341E-004
CROTA1= 8.3479735880006814E+001
CROTA2= 8.3499873533313135E+001
CD1_1= 3.7705147941935889E-005
CD1_2=-3.2989644583777272E-004
CD2_1= 3.2982182192768878E-004
CD2_2= 3.7579187365650800E-005
CMDLINE="C:\Program Files\astap\astap.exe"   -f "C:\skytrack\Images\Streak_59486_211816.fits" -s 500
DIMENSIONS=6248 x 4176
WARNING=Warning inexact scale! Set FOV=1.39d or scale=1.2"/pix or FL=649mm 
