PLTSOLVD=T
CRPIX1= 3.1245000000000000E+003
CRPIX2= 2.0885000000000000E+003
CRVAL1= 8.5201235825067016E+001
CRVAL2= 1.7403641314775065E+001
CDELT1= 3.3220807749197097E-004
CDELT2= 3.3211154575509623E-004
CROTA1= 8.3452141505880419E+001
CROTA2= 8.3519411675170190E+001
CD1_1= 3.7882714637119359E-005
CD1_2=-3.3004106817581649E-004
CD2_1= 3.2998940333748596E-004
CD2_2= 3.7484296829597376E-005
CMDLINE="C:\Program Files\astap\astap.exe"   -f "C:\skytrack\Images\Streak_47772_214602.fits" -s 500
DIMENSIONS=6248 x 4176
WARNING=Warning inexact scale! Set FOV=1.39d or scale=1.2"/pix or FL=649mm 
