PLTSOLVD=T
CRPIX1= 3.1245000000000000E+003
CRPIX2= 2.0885000000000000E+003
CRVAL1= 1.6505448445122309E+002
CRVAL2= 1.1512881133775641E+001
CDELT1= 3.3226542551318495E-004
CDELT2= 3.3215192128848044E-004
CROTA1=-9.6281370019695203E+001
CROTA2=-9.6280131490507600E+001
CD1_1=-3.6353530489453752E-005
CD1_2= 3.3027069778048765E-004
CD2_1=-3.3015866045623451E-004
CD2_2=-3.6333975028528957E-005
CMDLINE="C:\Program Files\astap\astap.exe"   -f "C:\skytrack\Images\Streak_48093_210558.fits" -s 500
DIMENSIONS=6248 x 4176
WARNING=Warning inexact scale! Set FOV=1.39d or scale=1.2"/pix or FL=649mm 
