PLTSOLVD=T
CRPIX1= 3.1245000000000000E+003
CRPIX2= 2.0885000000000000E+003
CRVAL1= 1.9199183259839182E+002
CRVAL2= 5.0660883559556609E+001
CDELT1= 3.3238328010173267E-004
CDELT2= 3.3220060408158998E-004
CROTA1=-9.6227013122636023E+001
CROTA2=-9.6230428474559801E+001
CD1_1=-3.6052967569397094E-005
CD1_2= 3.3042219722746665E-004
CD2_1=-3.3023845051583097E-004
CD2_2=-3.6052838349793455E-005
CMDLINE="C:\Program Files\astap\astap.exe"   -f "C:\skytrack\Images\Streak_50193_205924.fits" -s 500
DIMENSIONS=6248 x 4176
WARNING=Warning inexact scale! Set FOV=1.39d or scale=1.2"/pix or FL=649mm 
