PLTSOLVD=T
CRPIX1= 3.1245000000000000E+003
CRPIX2= 2.0885000000000000E+003
CRVAL1= 2.0267801827715894E+002
CRVAL2= 4.9293189110405876E+001
CDELT1= 3.3220084893368837E-004
CDELT2= 3.3223609242242922E-004
CROTA1=-9.6244273596468503E+001
CROTA2=-9.6257422624625292E+001
CD1_1=-3.6132663725949397E-005
CD1_2= 3.3022997235915866E-004
CD2_1=-3.3025670495550122E-004
CD2_2=-3.6212289903566659E-005
CMDLINE="C:\Program Files\astap\astap.exe"   -f "C:\skytrack\Images\Streak_50193_205939.fits" -s 500
DIMENSIONS=6248 x 4176
WARNING=Warning inexact scale! Set FOV=1.39d or scale=1.2"/pix or FL=648mm 
