PLTSOLVD=T
CRPIX1= 3.1245000000000000E+003
CRPIX2= 2.0885000000000000E+003
CRVAL1= 8.5487749885187711E+001
CRVAL2= 3.8684265215783867E+001
CDELT1= 3.3215503912010466E-004
CDELT2= 3.3208752068168181E-004
CROTA1= 8.3477036403627110E+001
CROTA2= 8.3468888485291160E+001
CD1_1= 3.7733283669628409E-005
CD1_2=-3.3000480195958609E-004
CD2_1= 3.2993235238789150E-004
CD2_2= 3.7772532881693162E-005
CMDLINE="C:\Program Files\astap\astap.exe"   -f "C:\skytrack\Images\Streak_39012_210945.fits" -s 500
DIMENSIONS=6248 x 4176
WARNING=Warning inexact scale! Set FOV=1.39d or scale=1.2"/pix or FL=649mm 
