PLTSOLVD=T
CRPIX1= 3.1245000000000000E+003
CRPIX2= 2.0885000000000000E+003
CRVAL1= 1.2278355016306256E+002
CRVAL2= 3.3807887181830885E+001
CDELT1= 3.3191006456308360E-004
CDELT2= 3.3185833901915068E-004
CROTA1= 8.3488285869387838E+001
CROTA2= 8.3482446262541757E+001
CD1_1= 3.7640708058748188E-005
CD1_2=-3.2976881000953745E-004
CD2_1= 3.2971358069369661E-004
CD2_2= 3.7668446778314898E-005
CMDLINE="C:\Program Files\astap\astap.exe"   -f "C:\skytrack\Images\Streak_66221_214524.fits" -s 500
DIMENSIONS=6248 x 4176
WARNING=Warning inexact scale! Set FOV=1.39d or scale=1.2"/pix or FL=649mm 
