PLTSOLVD=T
CRPIX1= 3.1245000000000000E+003
CRPIX2= 2.0885000000000000E+003
CRVAL1= 1.6220847992543958E+002
CRVAL2=-1.1264707857309178E+001
CDELT1= 3.3208290946549037E-004
CDELT2= 3.3221653905937221E-004
CROTA1= 8.3436934590954237E+001
CROTA2= 8.3438502162288685E+001
CD1_1= 3.7956003443185394E-005
CD1_2=-3.2990665431555934E-004
CD2_1= 3.3004044693141032E-004
CD2_2= 3.7962247218813746E-005
CMDLINE="C:\Program Files\astap\astap.exe"   -f "C:\skytrack\Images\Streak_57166_221639.fits" -s 500
DIMENSIONS=6248 x 4176
WARNING=Warning inexact scale! Set FOV=1.39d or scale=1.2"/pix or FL=648mm 
