PLTSOLVD=T
CRPIX1= 3.1245000000000000E+003
CRPIX2= 2.0885000000000000E+003
CRVAL1= 1.0932929491784616E+002
CRVAL2= 2.3170283286530569E+001
CDELT1= 3.3191284061094795E-004
CDELT2= 3.3186148099320422E-004
CROTA1= 8.3489781517445252E+001
CROTA2= 8.3502410973789367E+001
CD1_1= 3.7632414515946519E-005
CD1_2=-3.2977255061652496E-004
CD2_1= 3.2972980803713543E-004
CD2_2= 3.7553911364818706E-005
CMDLINE="C:\Program Files\astap\astap.exe"   -f "C:\skytrack\Images\Streak_62895_212544.fits" -s 500
DIMENSIONS=6248 x 4176
WARNING=Warning inexact scale! Set FOV=1.39d or scale=1.2"/pix or FL=649mm 
