PLTSOLVD=T
CRPIX1= 3.1245000000000000E+003
CRPIX2= 2.0885000000000000E+003
CRVAL1= 5.0851637344702134E+001
CRVAL2= 6.1099776865725950E+001
CDELT1= 3.3226180616603257E-004
CDELT2= 3.3212739400225518E-004
CROTA1= 8.3375471891662173E+001
CROTA2= 8.3388414961701855E+001
CD1_1= 3.8330519089744666E-005
CD1_2=-3.3004345038649825E-004
CD2_1= 3.2991858254201214E-004
CD2_2= 3.8240485616670648E-005
CMDLINE="C:\Program Files\astap\astap.exe"   -f "C:\skytrack\Images\Streak_48140_212535.fits" -s 500
DIMENSIONS=6248 x 4176
WARNING=Warning inexact scale! Set FOV=1.39d or scale=1.2"/pix or FL=649mm 
