PLTSOLVD=T
CRPIX1= 3.1245000000000000E+003
CRPIX2= 2.0885000000000000E+003
CRVAL1= 5.5361022707896772E+001
CRVAL2= 6.3712740781242282E+001
CDELT1= 3.3213875072647529E-004
CDELT2= 3.3206009234001174E-004
CROTA1= 8.3415921773603671E+001
CROTA2= 8.3461483378963962E+001
CD1_1= 3.8083394614293913E-005
CD1_2=-3.2994818500606374E-004
CD2_1= 3.2990021784359402E-004
CD2_2= 3.7812050878077931E-005
CMDLINE="C:\Program Files\astap\astap.exe"   -f "C:\skytrack\Images\Streak_57166_222134.fits" -s 500
DIMENSIONS=6248 x 4176
WARNING=Warning inexact scale! Set FOV=1.39d or scale=1.2"/pix or FL=649mm 
