PLTSOLVD=T
CRPIX1= 3.1245000000000000E+003
CRPIX2= 2.0885000000000000E+003
CRVAL1= 1.1657486512251293E+002
CRVAL2= 4.3203090227693025E+001
CDELT1= 3.3204499892647678E-004
CDELT2= 3.3198162407357100E-004
CROTA1= 8.3462081246196760E+001
CROTA2= 8.3463631675783020E+001
CD1_1= 3.7806889901897726E-005
CD1_2=-3.2988561712816425E-004
CD2_1= 3.2982367716195311E-004
CD2_2= 3.7790748945919756E-005
CMDLINE="C:\Program Files\astap\astap.exe"   -f "C:\skytrack\Images\Streak_65474_222403.fits" -s 500
DIMENSIONS=6248 x 4176
WARNING=Warning inexact scale! Set FOV=1.39d or scale=1.2"/pix or FL=649mm 
