PLTSOLVD=T
CRPIX1= 3.1245000000000000E+003
CRPIX2= 2.0885000000000000E+003
CRVAL1= 1.0991315492545404E+002
CRVAL2= 3.6717306705776394E+001
CDELT1= 3.3190707877594398E-004
CDELT2= 3.3190892279666635E-004
CROTA1= 8.3484645485274072E+001
CROTA2= 8.3488055924943879E+001
CD1_1= 3.7661321605327070E-005
CD1_2=-3.2976345127457772E-004
CD2_1= 3.2976752454388415E-004
CD2_2= 3.7641902027423947E-005
CMDLINE="C:\Program Files\astap\astap.exe"   -f "C:\skytrack\Images\Streak_66221_214509.fits" -s 500
DIMENSIONS=6248 x 4176
WARNING=Warning inexact scale! Set FOV=1.39d or scale=1.2"/pix or FL=649mm 
