PLTSOLVD=T
CRPIX1= 3.1245000000000000E+003
CRPIX2= 2.0885000000000000E+003
CRVAL1= 8.6242263946339563E+001
CRVAL2= 2.0147978958676003E+001
CDELT1= 3.3204801994377373E-004
CDELT2= 3.3195600894994528E-004
CROTA1= 8.3473795388471956E+001
CROTA2= 8.3509222639644875E+001
CD1_1= 3.7739787243377765E-005
CD1_2=-3.2989634130648577E-004
CD2_1= 3.2982819237977330E-004
CD2_2= 3.7525396593072934E-005
CMDLINE="C:\Program Files\astap\astap.exe"   -f "C:\skytrack\Images\Streak_58932_212105.fits" -s 500
DIMENSIONS=6248 x 4176
WARNING=Warning inexact scale! Set FOV=1.39d or scale=1.2"/pix or FL=649mm 
