PLTSOLVD=T
CRPIX1= 3.1245000000000000E+003
CRPIX2= 2.0885000000000000E+003
CRVAL1= 1.8498490432139511E+002
CRVAL2=-6.0344151563012058E+000
CDELT1= 3.3185092697264081E-004
CDELT2= 3.3225299770004525E-004
CROTA1=-9.6296438033402055E+001
CROTA2=-9.6311944840066076E+001
CD1_1=-3.6394926851205110E-005
CD1_2= 3.2984912768127252E-004
CD2_1=-3.3023889889949635E-004
CD2_2=-3.6528401748701181E-005
CMDLINE="C:\Program Files\astap\astap.exe"   -f "C:\skytrack\Images\Streak_52334_210948.fits" -s 500
DIMENSIONS=6248 x 4176
WARNING=Warning inexact scale! Set FOV=1.39d or scale=1.2"/pix or FL=648mm 
