PLTSOLVD=T
CRPIX1= 3.1245000000000000E+003
CRPIX2= 2.0885000000000000E+003
CRVAL1= 1.8987236222586813E+002
CRVAL2= 3.2747252659219718E+001
CDELT1= 3.3202177180213744E-004
CDELT2= 3.3199472611796421E-004
CROTA1=-9.6312084850297950E+001
CROTA2=-9.6338023431062169E+001
CD1_1=-3.6503786843632689E-005
CD1_2= 3.3000898547873704E-004
CD2_1=-3.2996554552095896E-004
CD2_2=-3.6650196987165434E-005
CMDLINE="C:\Program Files\astap\astap.exe"   -f "C:\skytrack\Images\Streak_59542_214336.fits" -s 500
DIMENSIONS=6248 x 4176
WARNING=Warning inexact scale! Set FOV=1.39d or scale=1.2"/pix or FL=649mm 
