PLTSOLVD=T
CRPIX1= 3.1245000000000000E+003
CRPIX2= 2.0885000000000000E+003
CRVAL1= 1.2877283428891440E+002
CRVAL2= 2.9384211824616674E+001
CDELT1= 3.3195042247903078E-004
CDELT2= 3.3193588000933455E-004
CROTA1= 8.3470672674831206E+001
CROTA2= 8.3479361898337231E+001
CD1_1= 3.7746669097005423E-005
CD1_2=-3.2979731951016247E-004
CD2_1= 3.2978859181511522E-004
CD2_2= 3.7695001607304212E-005
CMDLINE="C:\Program Files\astap\astap.exe"   -f "C:\skytrack\Images\Streak_66494_220253.fits" -s 500
DIMENSIONS=6248 x 4176
WARNING=Warning inexact scale! Set FOV=1.39d or scale=1.2"/pix or FL=649mm 
