PLTSOLVD=T
CRPIX1= 3.1245000000000000E+003
CRPIX2= 2.0885000000000000E+003
CRVAL1= 2.2792064479737874E+002
CRVAL2= 3.2081522092387026E+001
CDELT1= 3.3210139652823766E-004
CDELT2= 3.3195533511091167E-004
CROTA1=-9.6325561250452239E+001
CROTA2=-9.6339973289091574E+001
CD1_1=-3.6590179311338408E-005
CD1_2= 3.3007953034680878E-004
CD2_1=-3.2992514797302528E-004
CD2_2=-3.6657076309697939E-005
CMDLINE="C:\Program Files\astap\astap.exe"   -f "C:\skytrack\Images\Streak_53923_211401.fits" -s 500
DIMENSIONS=6248 x 4176
WARNING=Warning inexact scale! Set FOV=1.39d or scale=1.2"/pix or FL=649mm 
