PLTSOLVD=T
CRPIX1= 3.1245000000000000E+003
CRPIX2= 2.0885000000000000E+003
CRVAL1= 1.8755384477377967E+002
CRVAL2= 1.5466531072864290E+001
CDELT1= 3.3201891487918663E-004
CDELT2= 3.3202834918430425E-004
CROTA1=-9.6322172699366078E+001
CROTA2=-9.6321392585477213E+001
CD1_1=-3.6561575097838300E-005
CD1_2= 3.2999971373308444E-004
CD2_1=-3.3000958845240223E-004
CD2_2=-3.6558120733024223E-005
CMDLINE="C:\Program Files\astap\astap.exe"   -f "C:\skytrack\Images\Streak_49445_214024.fits" -s 500
DIMENSIONS=6248 x 4176
WARNING=Warning inexact scale! Set FOV=1.39d or scale=1.2"/pix or FL=649mm 
