PLTSOLVD=T
CRPIX1= 3.1245000000000000E+003
CRPIX2= 2.0885000000000000E+003
CRVAL1= 6.9882108332729473E+001
CRVAL2= 3.5771151559039168E+001
CDELT1= 3.3228662186469748E-004
CDELT2= 3.3209409761212683E-004
CROTA1= 8.3442121734357556E+001
CROTA2= 8.3518784258378759E+001
CD1_1= 3.7949401284304842E-005
CD1_2=-3.3011246873212058E-004
CD2_1= 3.2997165621591302E-004
CD2_2= 3.7485940870413492E-005
CMDLINE="C:\Program Files\astap\astap.exe"   -f "C:\skytrack\Images\Streak_66221_214352.fits" -s 500
DIMENSIONS=6248 x 4176
WARNING=Warning inexact scale! Set FOV=1.39d or scale=1.2"/pix or FL=649mm 
