PLTSOLVD=T
CRPIX1= 3.1245000000000000E+003
CRPIX2= 2.0885000000000000E+003
CRVAL1= 8.3165276973570613E+001
CRVAL2= 3.7769911465474095E+001
CDELT1= 3.3203327223846855E-004
CDELT2= 3.3189949871895771E-004
CROTA1= 8.3466567482934764E+001
CROTA2= 8.3496841870853586E+001
CD1_1= 3.7779725576301914E-005
CD1_2=-3.2987692585078498E-004
CD2_1= 3.2976392937510927E-004
CD2_2= 3.7590266465979650E-005
CMDLINE="C:\Program Files\astap\astap.exe"   -f "C:\skytrack\Images\Streak_66221_214427.fits" -s 500
DIMENSIONS=6248 x 4176
WARNING=Warning inexact scale! Set FOV=1.39d or scale=1.2"/pix or FL=649mm 
