PLTSOLVD=T
CRPIX1= 3.1245000000000000E+003
CRPIX2= 2.0885000000000000E+003
CRVAL1= 6.5724279623922413E+001
CRVAL2= 5.6762763868006267E+001
CDELT1= 3.3233546472217986E-004
CDELT2= 3.3217802781671007E-004
CROTA1= 8.3421075711383111E+001
CROTA2= 8.3425615913469386E+001
CD1_1= 3.8076252435318701E-005
CD1_2=-3.3014702802325682E-004
CD2_1= 3.2999364259646269E-004
CD2_2= 3.8032065551545303E-005
CMDLINE="C:\Program Files\astap\astap.exe"   -f "C:\skytrack\Images\Streak_42954_212256.fits" -s 500
DIMENSIONS=6248 x 4176
WARNING=Warning inexact scale! Set FOV=1.39d or scale=1.2"/pix or FL=649mm 
