PLTSOLVD=T
CRPIX1= 3.1245000000000000E+003
CRPIX2= 2.0885000000000000E+003
CRVAL1= 1.4893481832035044E+002
CRVAL2=-1.5125795997017939E+001
CDELT1= 3.3229130825883097E-004
CDELT2= 3.3225284444209075E-004
CROTA1= 8.3464706468454949E+001
CROTA2= 8.3460249863626373E+001
CD1_1= 3.7819808659416588E-005
CD1_2=-3.3013205784553936E-004
CD2_1= 3.3009090159459971E-004
CD2_2= 3.7841106277756282E-005
CMDLINE="C:\Program Files\astap\astap.exe"   -f "C:\skytrack\Images\Streak_47772_214825.fits" -s 500
DIMENSIONS=6248 x 4176
WARNING=Warning inexact scale! Set FOV=1.39d or scale=1.2"/pix or FL=648mm 
