PLTSOLVD=T
CRPIX1= 3.1245000000000000E+003
CRPIX2= 2.0885000000000000E+003
CRVAL1= 1.2562014969633620E+002
CRVAL2= 2.8875921875658811E+001
CDELT1= 3.3203664626163223E-004
CDELT2= 3.3195147760508789E-004
CROTA1= 8.3468812440916608E+001
CROTA2= 8.3477665709417977E+001
CD1_1= 3.7767184114799090E-005
CD1_2=-3.2988175800536645E-004
CD2_1= 3.2980297238740478E-004
CD2_2= 3.7706536417893165E-005
CMDLINE="C:\Program Files\astap\astap.exe"   -f "C:\skytrack\Images\Streak_55489_220617.fits" -s 500
DIMENSIONS=6248 x 4176
WARNING=Warning inexact scale! Set FOV=1.39d or scale=1.2"/pix or FL=649mm 
