PLTSOLVD=T
CRPIX1= 3.1245000000000000E+003
CRPIX2= 2.0885000000000000E+003
CRVAL1= 1.4273960489713960E+002
CRVAL2= 3.5404280204767772E+001
CDELT1= 3.3194810479575718E-004
CDELT2= 3.3191682170644873E-004
CROTA1= 8.3467780084071947E+001
CROTA2= 8.3464721165402366E+001
CD1_1= 3.7763055279191636E-005
CD1_2=-3.2979311080353957E-004
CD2_1= 3.2976001442121570E-004
CD2_2= 3.7777101802945029E-005
CMDLINE="C:\Program Files\astap\astap.exe"   -f "C:\skytrack\Images\Streak_59542_214249.fits" -s 500
DIMENSIONS=6248 x 4176
WARNING=Warning inexact scale! Set FOV=1.39d or scale=1.2"/pix or FL=649mm 
