PLTSOLVD=T
CRPIX1= 3.1245000000000000E+003
CRPIX2= 2.0885000000000000E+003
CRVAL1= 1.0069970885301623E+002
CRVAL2= 4.0803229572502843E+001
CDELT1= 3.3209671173663045E-004
CDELT2= 3.3198396325515077E-004
CROTA1= 8.3474721743303775E+001
CROTA2= 8.3485989610706994E+001
CD1_1= 3.7739986904661596E-005
CD1_2=-3.2994532779646781E-004
CD2_1= 3.2984072282051788E-004
CD2_2= 3.7662307786905588E-005
CMDLINE="C:\Program Files\astap\astap.exe"   -f "C:\skytrack\Images\Streak_41188_213340.fits" -s 500
DIMENSIONS=6248 x 4176
WARNING=Warning inexact scale! Set FOV=1.39d or scale=1.2"/pix or FL=649mm 
