PLTSOLVD=T
CRPIX1= 3.1245000000000000E+003
CRPIX2= 2.0885000000000000E+003
CRVAL1= 1.7683736092388571E+002
CRVAL2= 2.9722886930737187E+000
CDELT1= 3.3202724758445108E-004
CDELT2= 3.3203256079721591E-004
CROTA1=-9.6313137205451241E+001
CROTA2=-9.6339907103304597E+001
CD1_1=-3.6510450262209537E-005
CD1_2= 3.3001375753164764E-004
CD2_1=-3.3000194371347305E-004
CD2_2=-3.6665222962456185E-005
CMDLINE="C:\Program Files\astap\astap.exe"   -f "C:\skytrack\Images\Streak_60418_212809.fits" -s 500
DIMENSIONS=6248 x 4176
WARNING=Warning inexact scale! Set FOV=1.39d or scale=1.2"/pix or FL=649mm 
