PLTSOLVD=T
CRPIX1= 3.1245000000000000E+003
CRPIX2= 2.0885000000000000E+003
CRVAL1= 2.1334106569003785E+002
CRVAL2= 2.0759470125834131E+001
CDELT1= 3.3199826054925975E-004
CDELT2= 3.3164878639632244E-004
CROTA1=-9.6344695627034994E+001
CROTA2=-9.6340898015113922E+001
CD1_1=-3.6689012405121303E-005
CD1_2= 3.2996478808574562E-004
CD2_1=-3.2961988293866735E-004
CD2_2=-3.6628544738396754E-005
CMDLINE="C:\Program Files\astap\astap.exe"   -f "C:\skytrack\Images\Streak_63594_211956.fits" -s 500
DIMENSIONS=6248 x 4176
WARNING=Warning inexact scale! Set FOV=1.38d or scale=1.2"/pix or FL=650mm 
