PLTSOLVD=T
CRPIX1= 3.1245000000000000E+003
CRPIX2= 2.0885000000000000E+003
CRVAL1= 8.2215785823042495E+001
CRVAL2=-1.8915381693029545E+000
CDELT1= 3.3234434560845981E-004
CDELT2= 3.3243458747793646E-004
CROTA1= 8.3441544503865956E+001
CROTA2= 8.3522051251425367E+001
CD1_1= 3.7959320047867623E-005
CD1_2=-3.3016943238194980E-004
CD2_1= 3.3031210907707916E-004
CD2_2= 3.7505540239777461E-005
CMDLINE="C:\Program Files\astap\astap.exe"   -f "C:\skytrack\Images\Streak_47836_211218.fits" -s 500
DIMENSIONS=6248 x 4176
WARNING=Warning inexact scale! Set FOV=1.39d or scale=1.2"/pix or FL=648mm 
