PLTSOLVD=T
CRPIX1= 3.1245000000000000E+003
CRPIX2= 2.0885000000000000E+003
CRVAL1= 9.5025867649339972E+001
CRVAL2= 5.3803910021241897E+001
CDELT1= 3.3208687540021726E-004
CDELT2= 3.3198870422339018E-004
CROTA1= 8.3457394873915419E+001
CROTA2= 8.3460906146925311E+001
CD1_1= 3.7838643475662598E-005
CD1_2=-3.2992412744902594E-004
CD2_1= 3.2982891319263165E-004
CD2_2= 3.7807244730251342E-005
CMDLINE="C:\Program Files\astap\astap.exe"   -f "C:\skytrack\Images\Streak_49445_213825.fits" -s 500
DIMENSIONS=6248 x 4176
WARNING=Warning inexact scale! Set FOV=1.39d or scale=1.2"/pix or FL=649mm 
