PLTSOLVD=T
CRPIX1= 3.1245000000000000E+003
CRPIX2= 2.0885000000000000E+003
CRVAL1= 1.4687536778698438E+002
CRVAL2= 2.3472477764936496E+001
CDELT1= 3.3205071212801787E-004
CDELT2= 3.3196130200071423E-004
CROTA1= 8.3452665569589655E+001
CROTA2= 8.3458156373956044E+001
CD1_1= 3.7861752440391145E-005
CD1_2=-3.2988507563523742E-004
CD2_1= 3.2979987454057541E-004
CD2_2= 3.7819952128871275E-005
CMDLINE="C:\Program Files\astap\astap.exe"   -f "C:\skytrack\Images\Streak_57166_221825.fits" -s 500
DIMENSIONS=6248 x 4176
WARNING=Warning inexact scale! Set FOV=1.39d or scale=1.2"/pix or FL=649mm 
