PLTSOLVD=T
CRPIX1= 3.1245000000000000E+003
CRPIX2= 2.0885000000000000E+003
CRVAL1= 1.3505619178689048E+002
CRVAL2= 2.9604169943876840E+001
CDELT1= 3.3195831287063953E-004
CDELT2= 3.3196932149705879E-004
CROTA1= 8.3480748942391671E+001
CROTA2= 8.3480914045378853E+001
CD1_1= 3.7689564874590419E-005
CD1_2=-3.2981179206251167E-004
CD2_1= 3.2982283811268707E-004
CD2_2= 3.7689864347192681E-005
CMDLINE="C:\Program Files\astap\astap.exe"   -f "C:\skytrack\Images\Streak_40358_213303.fits" -s 500
DIMENSIONS=6248 x 4176
WARNING=Warning inexact scale! Set FOV=1.39d or scale=1.2"/pix or FL=649mm 
