PLTSOLVD=T
CRPIX1= 3.1245000000000000E+003
CRPIX2= 2.0885000000000000E+003
CRVAL1= 1.7274753396541675E+002
CRVAL2= 2.4087112557292865E+000
CDELT1= 3.3234730058154119E-004
CDELT2= 3.3221270972122848E-004
CROTA1=-9.6249706092609799E+001
CROTA2=-9.6290592559999311E+001
CD1_1=-3.6179917286350779E-005
CD1_2= 3.3037212622887864E-004
CD2_1=-3.3021244351538910E-004
CD2_2=-3.6400915481855367E-005
CMDLINE="C:\Program Files\astap\astap.exe"   -f "C:\skytrack\Images\Streak_48093_210624.fits" -s 500
DIMENSIONS=6248 x 4176
WARNING=Warning inexact scale! Set FOV=1.39d or scale=1.2"/pix or FL=648mm 
