PLTSOLVD=T
CRPIX1= 3.1245000000000000E+003
CRPIX2= 2.0885000000000000E+003
CRVAL1= 7.3985818611657834E+001
CRVAL2= 3.9335169041341949E+001
CDELT1= 3.3214559481309971E-004
CDELT2= 3.3203599496543930E-004
CROTA1= 8.3459224251029525E+001
CROTA2= 8.3478433283260173E+001
CD1_1= 3.7834798167942720E-005
CD1_2=-3.2998367262841786E-004
CD2_1= 3.2988744796387531E-004
CD2_2= 3.7711717390894639E-005
CMDLINE="C:\Program Files\astap\astap.exe"   -f "C:\skytrack\Images\Streak_52331_211150.fits" -s 500
DIMENSIONS=6248 x 4176
WARNING=Warning inexact scale! Set FOV=1.39d or scale=1.2"/pix or FL=649mm 
