PLTSOLVD=T
CRPIX1= 3.1245000000000000E+003
CRPIX2= 2.0885000000000000E+003
CRVAL1= 2.1528913405352387E+002
CRVAL2= 2.2636491480312518E+001
CDELT1= 3.3214389292355250E-004
CDELT2= 3.3202807100166483E-004
CROTA1=-9.6342886579655357E+001
CROTA2=-9.6355786538609507E+001
CD1_1=-3.6694683346747296E-005
CD1_2= 3.3011068722550360E-004
CD2_1=-3.2998730713105958E-004
CD2_2=-3.6756184044026355E-005
CMDLINE="C:\Program Files\astap\astap.exe"   -f "C:\skytrack\Images\Streak_59542_214421.fits" -s 500
DIMENSIONS=6248 x 4176
WARNING=Warning inexact scale! Set FOV=1.39d or scale=1.2"/pix or FL=649mm 
