PLTSOLVD=T
CRPIX1= 3.1245000000000000E+003
CRPIX2= 2.0885000000000000E+003
CRVAL1= 9.4835225849229275E+001
CRVAL2= 4.9607683524223397E+001
CDELT1= 3.3218274908331408E-004
CDELT2= 3.3210742604914447E-004
CROTA1= 8.3488913109395128E+001
CROTA2= 8.3475806683762571E+001
CD1_1= 3.7668019133802160E-005
CD1_2=-3.3004014774430630E-004
CD2_1= 3.2995668729979369E-004
CD2_2= 3.7734956514273496E-005
CMDLINE="C:\Program Files\astap\astap.exe"   -f "C:\skytrack\Images\Streak_48093_210430.fits" -s 500
DIMENSIONS=6248 x 4176
WARNING=Warning inexact scale! Set FOV=1.39d or scale=1.2"/pix or FL=649mm 
