PLTSOLVD=T
CRPIX1= 3.1245000000000000E+003
CRPIX2= 2.0885000000000000E+003
CRVAL1= 1.1532880624959425E+002
CRVAL2= 1.6866499167003369E+001
CDELT1= 3.3205867404576239E-004
CDELT2= 3.3206826897331251E-004
CROTA1= 8.3477552081687264E+001
CROTA2= 8.3499623804058359E+001
CD1_1= 3.7719367185012155E-005
CD1_2=-3.2990940021192504E-004
CD2_1= 3.2993343938957152E-004
CD2_2= 3.7593361534986218E-005
CMDLINE="C:\Program Files\astap\astap.exe"   -f "C:\skytrack\Images\Streak_52339_212930.fits" -s 500
DIMENSIONS=6248 x 4176
WARNING=Warning inexact scale! Set FOV=1.39d or scale=1.2"/pix or FL=649mm 
