PLTSOLVD=T
CRPIX1= 3.1245000000000000E+003
CRPIX2= 2.0885000000000000E+003
CRVAL1= 2.8020005978339302E+001
CRVAL2= 6.0583512685204894E+001
CDELT1= 3.3240017455560240E-004
CDELT2= 3.3229734195240325E-004
CROTA1= 8.3305603148306020E+001
CROTA2= 8.3359558683154759E+001
CD1_1= 3.8749088651786532E-005
CD1_2=-3.3013388825331300E-004
CD2_1= 3.3006808921060346E-004
CD2_2= 3.8426292476552567E-005
CMDLINE="C:\Program Files\astap\astap.exe"   -f "C:\skytrack\Images\Streak_42954_212357.fits" -s 500
DIMENSIONS=6248 x 4176
WARNING=Warning inexact scale! Set FOV=1.39d or scale=1.2"/pix or FL=648mm 
