PLTSOLVD=T
CRPIX1= 3.1245000000000000E+003
CRPIX2= 2.0885000000000000E+003
CRVAL1= 1.4759685857622375E+002
CRVAL2=-7.1442154741458097E+000
CDELT1= 3.3197127612247528E-004
CDELT2= 3.3208204107747875E-004
CROTA1= 8.3458372683608658E+001
CROTA2= 8.3467915283843212E+001
CD1_1= 3.7819843332270043E-005
CD1_2=-3.2980992650420222E-004
CD2_1= 3.2992626672001302E-004
CD2_2= 3.7777513607688783E-005
CMDLINE="C:\Program Files\astap\astap.exe"   -f "C:\skytrack\Images\Streak_64855_214836.fits" -s 500
DIMENSIONS=6248 x 4176
WARNING=Warning inexact scale! Set FOV=1.39d or scale=1.2"/pix or FL=649mm 
