PLTSOLVD=T
CRPIX1= 3.1245000000000000E+003
CRPIX2= 2.0885000000000000E+003
CRVAL1= 9.0084216453696513E+001
CRVAL2= 2.6898467570578038E+001
CDELT1= 3.3212773746972888E-004
CDELT2= 3.3204846108986658E-004
CROTA1= 8.3468127872920547E+001
CROTA2= 8.3490420594332193E+001
CD1_1= 3.7781487689772433E-005
CD1_2=-3.2997180665127852E-004
CD2_1= 3.2990771646998327E-004
CD2_2= 3.7644111434722121E-005
CMDLINE="C:\Program Files\astap\astap.exe"   -f "C:\skytrack\Images\Streak_41188_213253.fits" -s 500
DIMENSIONS=6248 x 4176
WARNING=Warning inexact scale! Set FOV=1.39d or scale=1.2"/pix or FL=649mm 
