PLTSOLVD=T
CRPIX1= 3.1245000000000000E+003
CRPIX2= 2.0885000000000000E+003
CRVAL1= 4.2610098784979421E+001
CRVAL2= 6.1398529242011719E+001
CDELT1= 3.3213292457274547E-004
CDELT2= 3.3218889701606893E-004
CROTA1= 8.3402377543552859E+001
CROTA2= 8.3481449484667010E+001
CD1_1= 3.8160721064514467E-005
CD1_2=-3.2993338562970761E-004
CD2_1= 3.3004134631346683E-004
CD2_2= 3.7711709379802829E-005
CMDLINE="C:\Program Files\astap\astap.exe"   -f "C:\skytrack\Images\Streak_57166_222209.fits" -s 500
DIMENSIONS=6248 x 4176
WARNING=Warning inexact scale! Set FOV=1.39d or scale=1.2"/pix or FL=649mm 
