PLTSOLVD=T
CRPIX1= 3.1245000000000000E+003
CRPIX2= 2.0885000000000000E+003
CRVAL1= 8.7184030649378315E+001
CRVAL2= 6.1026777385686870E+001
CDELT1= 3.3225200846445906E-004
CDELT2= 3.3212975602763472E-004
CROTA1= 8.3455817538360421E+001
CROTA2= 8.3451968505571742E+001
CD1_1= 3.7866546281605651E-005
CD1_2=-3.3008714273865619E-004
CD2_1= 3.2996314324761826E-004
CD2_2= 3.7874779697417446E-005
CMDLINE="C:\Program Files\astap\astap.exe"   -f "C:\skytrack\Images\Streak_39012_211036.fits" -s 500
DIMENSIONS=6248 x 4176
WARNING=Warning inexact scale! Set FOV=1.39d or scale=1.2"/pix or FL=649mm 
