PLTSOLVD=T
CRPIX1= 3.1245000000000000E+003
CRPIX2= 2.0885000000000000E+003
CRVAL1= 8.4233786253523078E+001
CRVAL2= 5.6470933018166129E+001
CDELT1= 3.3215602901110462E-004
CDELT2= 3.3204102538874827E-004
CROTA1= 8.3445690342263262E+001
CROTA2= 8.3464077375538082E+001
CD1_1= 3.7913933984678078E-005
CD1_2=-3.2998509241817460E-004
CD2_1= 3.2988298637085087E-004
CD2_2= 3.7794944691855217E-005
CMDLINE="C:\Program Files\astap\astap.exe"   -f "C:\skytrack\Images\Streak_59397_215758.fits" -s 500
DIMENSIONS=6248 x 4176
WARNING=Warning inexact scale! Set FOV=1.39d or scale=1.2"/pix or FL=649mm 
