PLTSOLVD=T
CRPIX1= 3.1245000000000000E+003
CRPIX2= 2.0885000000000000E+003
CRVAL1= 1.9583163702437614E+002
CRVAL2= 2.7835279809438731E+001
CDELT1= 3.3204098253149407E-004
CDELT2= 3.3197527119381950E-004
CROTA1=-9.6310044498742002E+001
CROTA2=-9.6307315835058617E+001
CD1_1=-3.6494146342772915E-005
CD1_2= 3.3002937954550686E-004
CD2_1=-3.2996580359177200E-004
CD2_2=-3.6471209799596082E-005
CMDLINE="C:\Program Files\astap\astap.exe"   -f "C:\skytrack\Images\Streak_53923_211251.fits" -s 500
DIMENSIONS=6248 x 4176
WARNING=Warning inexact scale! Set FOV=1.39d or scale=1.2"/pix or FL=649mm 
