PLTSOLVD=T
CRPIX1= 3.1245000000000000E+003
CRPIX2= 2.0885000000000000E+003
CRVAL1= 1.1029738524878283E+002
CRVAL2= 1.8395223972188671E+001
CDELT1= 3.3195132707846553E-004
CDELT2= 3.3190448439953941E-004
CROTA1= 8.3488157961236737E+001
CROTA2= 8.3491349999049206E+001
CD1_1= 3.7646123763277396E-005
CD1_2=-3.2980972228658512E-004
CD2_1= 3.2976527833306800E-004
CD2_2= 3.7622439719379052E-005
CMDLINE="C:\Program Files\astap\astap.exe"   -f "C:\skytrack\Images\Streak_55463_213834.fits" -s 500
DIMENSIONS=6248 x 4176
WARNING=Warning inexact scale! Set FOV=1.39d or scale=1.2"/pix or FL=649mm 
