PLTSOLVD=T
CRPIX1= 3.1245000000000000E+003
CRPIX2= 2.0885000000000000E+003
CRVAL1= 8.9898478955862856E+001
CRVAL2= 7.7176657564001403E+001
CDELT1= 3.3259446385020848E-004
CDELT2= 3.3160735357672366E-004
CROTA1= 8.3385351415079114E+001
CROTA2= 8.3499607517902049E+001
CD1_1= 3.8311928268720408E-005
CD1_2=-3.3038049811715589E-004
CD2_1= 3.2947547649528672E-004
CD2_2= 3.7541275076400743E-005
CMDLINE="C:\Program Files\astap\astap.exe"   -f "C:\skytrack\Images\Streak_39012_211114.fits" -s 500
DIMENSIONS=6248 x 4176
WARNING=Warning inexact scale! Set FOV=1.38d or scale=1.2"/pix or FL=650mm 
