PLTSOLVD=T
CRPIX1= 3.1245000000000000E+003
CRPIX2= 2.0885000000000000E+003
CRVAL1= 8.0709204112697137E+001
CRVAL2= 3.8996808256267578E+001
CDELT1= 3.3213933495863414E-004
CDELT2= 3.3210369944488335E-004
CROTA1= 8.3463076364388385E+001
CROTA2= 8.3481536874890196E+001
CD1_1= 3.7811899956294472E-005
CD1_2=-3.2997999643684302E-004
CD2_1= 3.2995675703616321E-004
CD2_2= 3.7701534068997655E-005
CMDLINE="C:\Program Files\astap\astap.exe"   -f "C:\skytrack\Images\Streak_60418_212548.fits" -s 500
DIMENSIONS=6248 x 4176
WARNING=Warning inexact scale! Set FOV=1.39d or scale=1.2"/pix or FL=649mm 
