PLTSOLVD=T
CRPIX1= 3.1245000000000000E+003
CRPIX2= 2.0885000000000000E+003
CRVAL1= 9.6737661628868921E+001
CRVAL2= 6.3616598003053028E+001
CDELT1= 3.3198683861954722E-004
CDELT2= 3.3191051147626400E-004
CROTA1= 8.3446895361796408E+001
CROTA2= 8.3449500539362674E+001
CD1_1= 3.7887685181513189E-005
CD1_2=-3.2981780474708737E-004
CD2_1= 3.2974369826213433E-004
CD2_2= 3.7863981365483695E-005
CMDLINE="C:\Program Files\astap\astap.exe"   -f "C:\skytrack\Images\Streak_58932_212224.fits" -s 500
DIMENSIONS=6248 x 4176
WARNING=Warning inexact scale! Set FOV=1.39d or scale=1.2"/pix or FL=649mm 
