PLTSOLVD=T
CRPIX1= 3.1245000000000000E+003
CRPIX2= 2.0885000000000000E+003
CRVAL1= 2.0018684993617558E+002
CRVAL2= 2.7594910663967614E+001
CDELT1= 3.3196831821660371E-004
CDELT2= 3.3188257640824284E-004
CROTA1=-9.6328562638430981E+001
CROTA2=-9.6308558931931813E+001
CD1_1=-3.6592800985491033E-005
CD1_2= 3.2994534580078032E-004
CD2_1=-3.2987287875274883E-004
CD2_2=-3.6468183211498582E-005
CMDLINE="C:\Program Files\astap\astap.exe"   -f "C:\skytrack\Images\Streak_62895_212735.fits" -s 500
DIMENSIONS=6248 x 4176
WARNING=Warning inexact scale! Set FOV=1.39d or scale=1.2"/pix or FL=649mm 
