PLTSOLVD=T
CRPIX1= 3.1245000000000000E+003
CRPIX2= 2.0885000000000000E+003
CRVAL1= 9.2866557466156465E+001
CRVAL2= 4.2307806527565319E+001
CDELT1= 3.3208926935800464E-004
CDELT2= 3.3201395001980011E-004
CROTA1= 8.3476371631962692E+001
CROTA2= 8.3479360280990633E+001
CD1_1= 3.7729640236296275E-005
CD1_2=-3.2993902023006162E-004
CD2_1= 3.2986615572755645E-004
CD2_2= 3.7703876634555658E-005
CMDLINE="C:\Program Files\astap\astap.exe"   -f "C:\skytrack\Images\Streak_44768_211732.fits" -s 500
DIMENSIONS=6248 x 4176
WARNING=Warning inexact scale! Set FOV=1.39d or scale=1.2"/pix or FL=649mm 
