PLTSOLVD=T
CRPIX1= 3.1245000000000000E+003
CRPIX2= 2.0885000000000000E+003
CRVAL1= 6.0011536367617744E+001
CRVAL2= 4.9113352494106451E+001
CDELT1= 3.3216555662271254E-004
CDELT2= 3.3198924301154571E-004
CROTA1= 8.3431394432878392E+001
CROTA2= 8.3429043427092793E+001
CD1_1= 3.7997357501634892E-005
CD1_2=-3.2998508728330345E-004
CD2_1= 3.2980837247842702E-004
CD2_2= 3.7990721479201998E-005
CMDLINE="C:\Program Files\astap\astap.exe"   -f "C:\skytrack\Images\Streak_49436_205510.fits" -s 500
DIMENSIONS=6248 x 4176
WARNING=Warning inexact scale! Set FOV=1.39d or scale=1.2"/pix or FL=649mm 
