PLTSOLVD=T
CRPIX1= 3.1245000000000000E+003
CRPIX2= 2.0885000000000000E+003
CRVAL1= 1.8928533161823890E+002
CRVAL2= 3.1620600933355725E+001
CDELT1= 3.3205834592433365E-004
CDELT2= 3.3194802231909139E-004
CROTA1=-9.6313995184431164E+001
CROTA2=-9.6317869165326400E+001
CD1_1=-3.6518812173377906E-005
CD1_2= 3.3004412046793076E-004
CD2_1=-3.2993199696562312E-004
CD2_2=-3.6528987117521362E-005
CMDLINE="C:\Program Files\astap\astap.exe"   -f "C:\skytrack\Images\Streak_59486_211953.fits" -s 500
DIMENSIONS=6248 x 4176
WARNING=Warning inexact scale! Set FOV=1.39d or scale=1.2"/pix or FL=649mm 
