PLTSOLVD=T
CRPIX1= 3.1245000000000000E+003
CRPIX2= 2.0885000000000000E+003
CRVAL1= 2.0360563526632640E+002
CRVAL2= 7.5643363018441050E+001
CDELT1= 3.3203900343583832E-004
CDELT2= 3.3202332697671879E-004
CROTA1=-9.6098273078682539E+001
CROTA2=-9.6098719292344470E+001
CD1_1=-3.5273865186999049E-005
CD1_2= 3.3016004336902134E-004
CD2_1=-3.3014418091439592E-004
CD2_2=-3.5274770942583381E-005
CMDLINE="C:\Program Files\astap\astap.exe"   -f "C:\skytrack\Images\Streak_40358_213520.fits" -s 500
DIMENSIONS=6248 x 4176
WARNING=Warning inexact scale! Set FOV=1.39d or scale=1.2"/pix or FL=649mm 
