PLTSOLVD=T
CRPIX1= 3.1245000000000000E+003
CRPIX2= 2.0885000000000000E+003
CRVAL1= 1.1647444305295515E+002
CRVAL2= 2.2590810404697560E+001
CDELT1= 3.3201252068968393E-004
CDELT2= 3.3196606109330495E-004
CROTA1= 8.3488250543037893E+001
CROTA2= 8.3488414210032275E+001
CD1_1= 3.7652530619208136E-005
CD1_2=-3.2987058194493095E-004
CD2_1= 3.2982452961614520E-004
CD2_2= 3.7646319624797941E-005
CMDLINE="C:\Program Files\astap\astap.exe"   -f "C:\skytrack\Images\Streak_48390_212223.fits" -s 500
DIMENSIONS=6248 x 4176
WARNING=Warning inexact scale! Set FOV=1.39d or scale=1.2"/pix or FL=649mm 
