PLTSOLVD=T
CRPIX1= 3.1245000000000000E+003
CRPIX2= 2.0885000000000000E+003
CRVAL1= 1.4349061644510002E+002
CRVAL2= 2.9419651537146123E+001
CDELT1= 3.3200744637612968E-004
CDELT2= 3.3198376530854494E-004
CROTA1= 8.3450593003243256E+001
CROTA2= 8.3462480983119050E+001
CD1_1= 3.7868750494455424E-005
CD1_2=-3.2984072244825576E-004
CD2_1= 3.2982504544125255E-004
CD2_2= 3.7797616698870502E-005
CMDLINE="C:\Program Files\astap\astap.exe"   -f "C:\skytrack\Images\Streak_57166_221839.fits" -s 500
DIMENSIONS=6248 x 4176
WARNING=Warning inexact scale! Set FOV=1.39d or scale=1.2"/pix or FL=649mm 
