PLTSOLVD=T
CRPIX1= 3.1245000000000000E+003
CRPIX2= 2.0885000000000000E+003
CRVAL1= 8.7995655349334768E+001
CRVAL2= 3.0861854494318223E+001
CDELT1= 3.3210633169470082E-004
CDELT2= 3.3191308417518075E-004
CROTA1= 8.3469504576532088E+001
CROTA2= 8.3501174328712025E+001
CD1_1= 3.7771124590643380E-005
CD1_2=-3.2995144748715490E-004
CD2_1= 3.2978026900341980E-004
CD2_2= 3.7566868683890851E-005
CMDLINE="C:\Program Files\astap\astap.exe"   -f "C:\skytrack\Images\Streak_58932_212131.fits" -s 500
DIMENSIONS=6248 x 4176
WARNING=Warning inexact scale! Set FOV=1.39d or scale=1.2"/pix or FL=649mm 
