PLTSOLVD=T
CRPIX1= 3.1245000000000000E+003
CRPIX2= 2.0885000000000000E+003
CRVAL1= 9.1638005721837317E+001
CRVAL2= 1.6910548485170107E+001
CDELT1= 3.3214178107619411E-004
CDELT2= 3.3206155659345506E-004
CROTA1= 8.3474195744319260E+001
CROTA2= 8.3500180304008282E+001
CD1_1= 3.7748138098753426E-005
CD1_2=-3.2998975863887637E-004
CD2_1= 3.2992713527507010E-004
CD2_2= 3.7589397128099051E-005
CMDLINE="C:\Program Files\astap\astap.exe"   -f "C:\skytrack\Images\Streak_59486_211737.fits" -s 500
DIMENSIONS=6248 x 4176
WARNING=Warning inexact scale! Set FOV=1.39d or scale=1.2"/pix or FL=649mm 
