PLTSOLVD=T
CRPIX1= 3.1245000000000000E+003
CRPIX2= 2.0885000000000000E+003
CRVAL1= 1.2326739179897781E+002
CRVAL2= 5.1559237073516400E+001
CDELT1= 3.3200467208247550E-004
CDELT2= 3.3198806041697564E-004
CROTA1= 8.3447198460500474E+001
CROTA2= 8.3442571205584400E+001
CD1_1= 3.7887975555026347E-005
CD1_2=-3.2983572212987153E-004
CD2_1= 3.2981615819957277E-004
CD2_2= 3.7912716203140453E-005
CMDLINE="C:\Program Files\astap\astap.exe"   -f "C:\skytrack\Images\Streak_57166_221936.fits" -s 500
DIMENSIONS=6248 x 4176
WARNING=Warning inexact scale! Set FOV=1.39d or scale=1.2"/pix or FL=649mm 
