PLTSOLVD=T
CRPIX1= 3.1245000000000000E+003
CRPIX2= 2.0885000000000000E+003
CRVAL1= 1.0971534745183067E+002
CRVAL2= 2.4053505893192870E+001
CDELT1= 3.3211202326752985E-004
CDELT2= 3.3201896094256814E-004
CROTA1= 8.3470081974860875E+001
CROTA2= 8.3494221396728435E+001
CD1_1= 3.7768446759476691E-005
CD1_2=-3.2995748275835307E-004
CD2_1= 3.2988090274416187E-004
CD2_2= 3.7618883955793157E-005
CMDLINE="C:\Program Files\astap\astap.exe"   -f "C:\skytrack\Images\Streak_55489_220548.fits" -s 500
DIMENSIONS=6248 x 4176
WARNING=Warning inexact scale! Set FOV=1.39d or scale=1.2"/pix or FL=649mm 
