PLTSOLVD=T
CRPIX1= 3.1245000000000000E+003
CRPIX2= 2.0885000000000000E+003
CRVAL1= 9.6341456027166060E+001
CRVAL2= 3.6491173195862787E+000
CDELT1= 3.3216283241953884E-004
CDELT2= 3.3221958724626743E-004
CROTA1= 8.3496517505109495E+001
CROTA2= 8.3491926274027207E+001
CD1_1= 3.7621959465436793E-005
CD1_2=-3.3002535570309091E-004
CD2_1= 3.3007872900954688E-004
CD2_2= 3.7654837743939170E-005
CMDLINE="C:\Program Files\astap\astap.exe"   -f "C:\skytrack\Images\Streak_50193_205657.fits" -s 500
DIMENSIONS=6248 x 4176
WARNING=Warning inexact scale! Set FOV=1.39d or scale=1.2"/pix or FL=648mm 
