PLTSOLVD=T
CRPIX1= 3.1245000000000000E+003
CRPIX2= 2.0885000000000000E+003
CRVAL1= 1.0563654788165242E+002
CRVAL2= 1.5951430278645583E+001
CDELT1= 3.3198278904028681E-004
CDELT2= 3.3196234865418960E-004
CROTA1= 8.3477576654709324E+001
CROTA2= 8.3507057283246056E+001
CD1_1= 3.7710605760039070E-005
CD1_2=-3.2983402255100743E-004
CD2_1= 3.2983307300203858E-004
CD2_2= 3.7538578529795520E-005
CMDLINE="C:\Program Files\astap\astap.exe"   -f "C:\skytrack\Images\Streak_55463_213821.fits" -s 500
DIMENSIONS=6248 x 4176
WARNING=Warning inexact scale! Set FOV=1.39d or scale=1.2"/pix or FL=649mm 
