PLTSOLVD=T
CRPIX1= 3.1245000000000000E+003
CRPIX2= 2.0885000000000000E+003
CRVAL1= 1.8286068173057345E+002
CRVAL2= 2.1235312177743474E+001
CDELT1= 3.3213310812724492E-004
CDELT2= 3.3206378064638028E-004
CROTA1=-9.6321614943892371E+001
CROTA2=-9.6321806266957708E+001
CD1_1=-3.6570936393957217E-005
CD1_2= 3.3011356852685303E-004
CD2_1=-3.3004454049796224E-004
CD2_2=-3.6564404885849516E-005
CMDLINE="C:\Program Files\astap\astap.exe"   -f "C:\skytrack\Images\Streak_49445_214011.fits" -s 500
DIMENSIONS=6248 x 4176
WARNING=Warning inexact scale! Set FOV=1.39d or scale=1.2"/pix or FL=649mm 
