PLTSOLVD=T
CRPIX1= 3.1245000000000000E+003
CRPIX2= 2.0885000000000000E+003
CRVAL1= 1.9418404441435689E+002
CRVAL2= 6.5985611665623294E+000
CDELT1= 3.3215640520625658E-004
CDELT2= 3.3209932979064377E-004
CROTA1=-9.6317999318603313E+001
CROTA2=-9.6341794929722255E+001
CD1_1=-3.6552668411051719E-005
CD1_2= 3.3013903124528399E-004
CD2_1=-3.3006709586994260E-004
CD2_2=-3.6683471364865347E-005
CMDLINE="C:\Program Files\astap\astap.exe"   -f "C:\skytrack\Images\Streak_49445_214050.fits" -s 500
DIMENSIONS=6248 x 4176
WARNING=Warning inexact scale! Set FOV=1.39d or scale=1.2"/pix or FL=649mm 
