PLTSOLVD=T
CRPIX1= 3.1245000000000000E+003
CRPIX2= 2.0885000000000000E+003
CRVAL1= 1.2340784119870138E+002
CRVAL2= 1.5039979432500752E+001
CDELT1= 3.3208946738761579E-004
CDELT2= 3.3203154599842631E-004
CROTA1= 8.3476576204095707E+001
CROTA2= 8.3483781971426424E+001
CD1_1= 3.7728484700904449E-005
CD1_2=-3.2993935168749419E-004
CD2_1= 3.2988654677327720E-004
CD2_2= 3.7680416612711545E-005
CMDLINE="C:\Program Files\astap\astap.exe"   -f "C:\skytrack\Images\Streak_47587_215259.fits" -s 500
DIMENSIONS=6248 x 4176
WARNING=Warning inexact scale! Set FOV=1.39d or scale=1.2"/pix or FL=649mm 
