PLTSOLVD=T
CRPIX1= 3.1245000000000000E+003
CRPIX2= 2.0885000000000000E+003
CRVAL1= 8.0163106931204112E+001
CRVAL2= 3.9812516012220691E+001
CDELT1= 3.3210501397017573E-004
CDELT2= 3.3199379830074473E-004
CROTA1= 8.3465607856076531E+001
CROTA2= 8.3476212055950924E+001
CD1_1= 3.7793414743327588E-005
CD1_2=-3.2994756872292518E-004
CD2_1= 3.2984406228668930E-004
CD2_2= 3.7719712145908618E-005
CMDLINE="C:\Program Files\astap\astap.exe"   -f "C:\skytrack\Images\Streak_52331_211203.fits" -s 500
DIMENSIONS=6248 x 4176
WARNING=Warning inexact scale! Set FOV=1.39d or scale=1.2"/pix or FL=649mm 
