PLTSOLVD=T
CRPIX1= 3.1245000000000000E+003
CRPIX2= 2.0885000000000000E+003
CRVAL1= 3.9393017288053613E+001
CRVAL2= 6.0524023414325384E+001
CDELT1= 3.3214769287837629E-004
CDELT2= 3.3231249090150919E-004
CROTA1= 8.3391431557382276E+001
CROTA2= 8.3483697075503443E+001
CD1_1= 3.8225451616898786E-005
CD1_2=-3.2994075942979875E-004
CD2_1= 3.3016562082927400E-004
CD2_2= 3.7712788700727253E-005
CMDLINE="C:\Program Files\astap\astap.exe"   -f "C:\skytrack\Images\Streak_57166_222220.fits" -s 500
DIMENSIONS=6248 x 4176
WARNING=Warning inexact scale! Set FOV=1.39d or scale=1.2"/pix or FL=648mm 
