PLTSOLVD=T
CRPIX1= 3.1245000000000000E+003
CRPIX2= 2.0885000000000000E+003
CRVAL1= 8.6075225776248971E+001
CRVAL2= 5.9336028587613203E+000
CDELT1= 3.3234874950854138E-004
CDELT2= 3.3224889737003011E-004
CROTA1= 8.3471448560060566E+001
CROTA2= 8.3499838257262056E+001
CD1_1= 3.7787492171383586E-005
CD1_2=-3.3019357464264629E-004
CD2_1= 3.3011304732958940E-004
CD2_2= 3.7612574843701935E-005
CMDLINE="C:\Program Files\astap\astap.exe"   -f "C:\skytrack\Images\Streak_47836_211251.fits" -s 500
DIMENSIONS=6248 x 4176
WARNING=Warning inexact scale! Set FOV=1.39d or scale=1.2"/pix or FL=648mm 
