PLTSOLVD=T
CRPIX1= 3.1245000000000000E+003
CRPIX2= 2.0885000000000000E+003
CRVAL1= 6.3674877632695789E+001
CRVAL2= 5.1199263994357665E+001
CDELT1= 3.3228160482005263E-004
CDELT2= 3.3208742525473990E-004
CROTA1= 8.3430343807601844E+001
CROTA2= 8.3469488412150440E+001
CD1_1= 3.8016685584494466E-005
CD1_2=-3.3009967664170668E-004
CD2_1= 3.2993265306686877E-004
CD2_2= 3.7769067404155944E-005
CMDLINE="C:\Program Files\astap\astap.exe"   -f "C:\skytrack\Images\Streak_47799_214935.fits" -s 500
DIMENSIONS=6248 x 4176
WARNING=Warning inexact scale! Set FOV=1.39d or scale=1.2"/pix or FL=649mm 
