PLTSOLVD=T
CRPIX1= 3.1245000000000000E+003
CRPIX2= 2.0885000000000000E+003
CRVAL1= 2.1620831508576453E+002
CRVAL2= 2.0592785150886574E+001
CDELT1= 3.3195987631896590E-004
CDELT2= 3.3209342828795268E-004
CROTA1=-9.6331340781069898E+001
CROTA2=-9.6355233875054424E+001
CD1_1=-3.6607868289823664E-005
CD1_2= 3.2993518070217681E-004
CD2_1=-3.3005261730516028E-004
CD2_2=-3.6760235609404905E-005
CMDLINE="C:\Program Files\astap\astap.exe"   -f "C:\skytrack\Images\Streak_62895_212814.fits" -s 500
DIMENSIONS=6248 x 4176
WARNING=Warning inexact scale! Set FOV=1.39d or scale=1.2"/pix or FL=649mm 
