PLTSOLVD=T
CRPIX1= 3.1245000000000000E+003
CRPIX2= 2.0885000000000000E+003
CRVAL1= 1.0247314678765400E+002
CRVAL2= 1.1906467726345031E+001
CDELT1= 3.3211363936059153E-004
CDELT2= 3.3206625133693044E-004
CROTA1= 8.3478539241625143E+001
CROTA2= 8.3500755885687454E+001
CD1_1= 3.7719925812655640E-005
CD1_2=-3.2996465969255679E-004
CD2_1= 3.2993217744581343E-004
CD2_2= 3.7586614144210383E-005
CMDLINE="C:\Program Files\astap\astap.exe"   -f "C:\skytrack\Images\Streak_46146_212135.fits" -s 500
DIMENSIONS=6248 x 4176
WARNING=Warning inexact scale! Set FOV=1.39d or scale=1.2"/pix or FL=649mm 
