PLTSOLVD=T
CRPIX1= 3.1245000000000000E+003
CRPIX2= 2.0885000000000000E+003
CRVAL1= 2.0628684886195671E+002
CRVAL2= 2.5158143787447859E+001
CDELT1= 3.3204079533140894E-004
CDELT2= 3.3201267928590315E-004
CROTA1=-9.6322601166086116E+001
CROTA2=-9.6354967418964932E+001
CD1_1=-3.6566452500933203E-005
CD1_2= 3.3002118767711203E-004
CD2_1=-3.2997253543894713E-004
CD2_2=-3.6749762755652988E-005
CMDLINE="C:\Program Files\astap\astap.exe"   -f "C:\skytrack\Images\Streak_59486_212022.fits" -s 500
DIMENSIONS=6248 x 4176
WARNING=Warning inexact scale! Set FOV=1.39d or scale=1.2"/pix or FL=649mm 
