PLTSOLVD=T
CRPIX1= 3.1245000000000000E+003
CRPIX2= 2.0885000000000000E+003
CRVAL1= 1.2323824991785771E+002
CRVAL2= 1.2994987727684094E+001
CDELT1= 3.3202090103548606E-004
CDELT2= 3.3199972846929604E-004
CROTA1= 8.3479866672893877E+001
CROTA2= 8.3496972047605624E+001
CD1_1= 3.7701750512142909E-005
CD1_2=-3.2987339500592668E-004
CD2_1= 3.2986359963910037E-004
CD2_2= 3.7600868830674302E-005
CMDLINE="C:\Program Files\astap\astap.exe"   -f "C:\skytrack\Images\Streak_52339_212944.fits" -s 500
DIMENSIONS=6248 x 4176
WARNING=Warning inexact scale! Set FOV=1.39d or scale=1.2"/pix or FL=649mm 
