PLTSOLVD=T
CRPIX1= 3.1245000000000000E+003
CRPIX2= 2.0885000000000000E+003
CRVAL1= 1.1239297562844216E+002
CRVAL2= 1.6040476747259426E+001
CDELT1= 3.3209139154744173E-004
CDELT2= 3.3204139469456744E-004
CROTA1= 8.3486690682919487E+001
CROTA2= 8.3495585233417074E+001
CD1_1= 3.7670457868797371E-005
CD1_2=-3.2994791853241238E-004
CD2_1= 3.2990408745843628E-004
CD2_2= 3.7613572934912133E-005
CMDLINE="C:\Program Files\astap\astap.exe"   -f "C:\skytrack\Images\Streak_48390_212209.fits" -s 500
DIMENSIONS=6248 x 4176
WARNING=Warning inexact scale! Set FOV=1.39d or scale=1.2"/pix or FL=649mm 
