PLTSOLVD=T
CRPIX1= 3.1245000000000000E+003
CRPIX2= 2.0885000000000000E+003
CRVAL1= 3.4381279463294725E+001
CRVAL2= 6.0796817857858322E+001
CDELT1= 3.3236838104403979E-004
CDELT2= 3.3222982068633065E-004
CROTA1= 8.3330972052426063E+001
CROTA2= 8.3352492352208174E+001
CD1_1= 3.8599218875122515E-005
CD1_2=-3.3011943447798769E-004
CD2_1= 3.2999628022838514E-004
CD2_2= 3.8459183411775024E-005
CMDLINE="C:\Program Files\astap\astap.exe"   -f "C:\skytrack\Images\Streak_42954_212345.fits" -s 500
DIMENSIONS=6248 x 4176
WARNING=Warning inexact scale! Set FOV=1.39d or scale=1.2"/pix or FL=648mm 
