PLTSOLVD=T
CRPIX1= 3.1245000000000000E+003
CRPIX2= 2.0885000000000000E+003
CRVAL1= 1.8262934879538213E+002
CRVAL2=-3.5476578144712301E+000
CDELT1= 3.3214296232155378E-004
CDELT2= 3.3216961427127799E-004
CROTA1=-9.6286328731242193E+001
CROTA2=-9.6329485558666065E+001
CD1_1=-3.6368704540004667E-005
CD1_2= 3.3014582346263131E-004
CD2_1=-3.3014482534610655E-004
CD2_2=-3.6620307785686286E-005
CMDLINE="C:\Program Files\astap\astap.exe"   -f "C:\skytrack\Images\Streak_52334_210935.fits" -s 500
DIMENSIONS=6248 x 4176
WARNING=Warning inexact scale! Set FOV=1.39d or scale=1.2"/pix or FL=649mm 
