PLTSOLVD=T
CRPIX1= 3.1245000000000000E+003
CRPIX2= 2.0885000000000000E+003
CRVAL1= 1.1081801096056489E+002
CRVAL2= 4.9838519038717898E+001
CDELT1= 3.3205666158489468E-004
CDELT2= 3.3195993812442178E-004
CROTA1= 8.3467834316684034E+001
CROTA2= 8.3476627121701711E+001
CD1_1= 3.7775092644759069E-005
CD1_2=-3.2990099860198230E-004
CD2_1= 3.2981069457780487E-004
CD2_2= 3.7713475863089408E-005
CMDLINE="C:\Program Files\astap\astap.exe"   -f "C:\skytrack\Images\Streak_41188_213406.fits" -s 500
DIMENSIONS=6248 x 4176
WARNING=Warning inexact scale! Set FOV=1.39d or scale=1.2"/pix or FL=649mm 
