PLTSOLVD=T
CRPIX1= 3.1245000000000000E+003
CRPIX2= 2.0885000000000000E+003
CRVAL1= 6.0622050894491615E+001
CRVAL2= 6.4232973767052783E+001
CDELT1= 3.3220578630255564E-004
CDELT2= 3.3205750572163674E-004
CROTA1= 8.3413954965879725E+001
CROTA2= 8.3459226149433348E+001
CD1_1= 3.8102409471343865E-005
CD1_2=-3.3001347070290524E-004
CD2_1= 3.2989615815853573E-004
CD2_2= 3.7824752984166300E-005
CMDLINE="C:\Program Files\astap\astap.exe"   -f "C:\skytrack\Images\Streak_57166_222122.fits" -s 500
DIMENSIONS=6248 x 4176
WARNING=Warning inexact scale! Set FOV=1.39d or scale=1.2"/pix or FL=649mm 
