PLTSOLVD=T
CRPIX1= 3.1245000000000000E+003
CRPIX2= 2.0885000000000000E+003
CRVAL1= 2.1637019005462469E+002
CRVAL2= 4.5820294233101535E+001
CDELT1= 3.3232504771622557E-004
CDELT2= 3.3202668741152025E-004
CROTA1=-9.6293849492701710E+001
CROTA2=-9.6303996829039832E+001
CD1_1=-3.6432001431085915E-005
CD1_2= 3.3032203470449403E-004
CD2_1=-3.3001902104634845E-004
CD2_2=-3.6457741305204457E-005
CMDLINE="C:\Program Files\astap\astap.exe"   -f "C:\skytrack\Images\Streak_50193_210007.fits" -s 500
DIMENSIONS=6248 x 4176
WARNING=Warning inexact scale! Set FOV=1.39d or scale=1.2"/pix or FL=649mm 
