PLTSOLVD=T
CRPIX1= 3.1245000000000000E+003
CRPIX2= 2.0885000000000000E+003
CRVAL1= 6.5245206400148007E+001
CRVAL2= 5.1047988125388251E+001
CDELT1= 3.3229752171987288E-004
CDELT2= 3.3212715287091833E-004
CROTA1= 8.3429180246266839E+001
CROTA2= 8.3457160236685993E+001
CD1_1= 3.8025210623335297E-005
CD1_2=-3.3011471687614959E-004
CD2_1= 3.2996398763071816E-004
CD2_2= 3.7844584037582611E-005
CMDLINE="C:\Program Files\astap\astap.exe"   -f "C:\skytrack\Images\Streak_49436_205522.fits" -s 500
DIMENSIONS=6248 x 4176
WARNING=Warning inexact scale! Set FOV=1.39d or scale=1.2"/pix or FL=649mm 
