PLTSOLVD=T
CRPIX1= 3.1245000000000000E+003
CRPIX2= 2.0885000000000000E+003
CRVAL1= 1.4458288621910219E+002
CRVAL2= 5.0114271488957718E-001
CDELT1= 3.3198571505679044E-004
CDELT2= 3.3203899667197466E-004
CROTA1= 8.3477040961842704E+001
CROTA2= 8.3491106762089231E+001
CD1_1= 3.7714021975381582E-005
CD1_2=-3.2983657703203399E-004
CD2_1= 3.2989876385509887E-004
CD2_2= 3.7639087632530386E-005
CMDLINE="C:\Program Files\astap\astap.exe"   -f "C:\skytrack\Images\Streak_52339_213026.fits" -s 500
DIMENSIONS=6248 x 4176
WARNING=Warning inexact scale! Set FOV=1.39d or scale=1.2"/pix or FL=649mm 
