PLTSOLVD=T
CRPIX1= 3.1245000000000000E+003
CRPIX2= 2.0885000000000000E+003
CRVAL1= 1.5498339608579937E+002
CRVAL2=-2.0774861538247290E+001
CDELT1= 3.3195396736524120E-004
CDELT2= 3.3232582595270311E-004
CROTA1=-9.6279576935464760E+001
CROTA2=-9.6302058169519697E+001
CD1_1=-3.6309127281912434E-005
CD1_2= 3.2996224590936085E-004
CD2_1=-3.3031758529211946E-004
CD2_2=-3.6479411205907738E-005
CMDLINE="C:\Program Files\astap\astap.exe"   -f "C:\skytrack\Images\Streak_65437_213303.fits" -s 500
DIMENSIONS=6248 x 4176
WARNING=Warning inexact scale! Set FOV=1.39d or scale=1.2"/pix or FL=648mm 
