PLTSOLVD=T
CRPIX1= 3.1245000000000000E+003
CRPIX2= 2.0885000000000000E+003
CRVAL1= 9.9884220472339166E+001
CRVAL2= 2.1734749991189620E+001
CDELT1= 3.3204442009648774E-004
CDELT2= 3.3195818011009322E-004
CROTA1= 8.3476217578969965E+001
CROTA2= 8.3500449039750663E+001
CD1_1= 3.7725431777208689E-005
CD1_2=-3.2989435993123012E-004
CD2_1= 3.2982459952175509E-004
CD2_2= 3.7576147917514711E-005
CMDLINE="C:\Program Files\astap\astap.exe"   -f "C:\skytrack\Images\Streak_59486_211803.fits" -s 500
DIMENSIONS=6248 x 4176
WARNING=Warning inexact scale! Set FOV=1.39d or scale=1.2"/pix or FL=649mm 
