PLTSOLVD=T
CRPIX1= 3.1245000000000000E+003
CRPIX2= 2.0885000000000000E+003
CRVAL1= 2.5579411077902262E+002
CRVAL2= 4.4587973181543013E+001
CDELT1= 3.3204987466968635E-004
CDELT2= 3.3208092790738440E-004
CROTA1=-9.6366629142549087E+001
CROTA2=-9.6373781478274324E+001
CD1_1=-3.6821047710321173E-005
CD1_2= 3.3000201471152971E-004
CD2_1=-3.3002827699453734E-004
CD2_2=-3.6865689520832230E-005
CMDLINE="C:\Program Files\astap\astap.exe"   -f "C:\skytrack\Images\Streak_54068_222909.fits" -s 500
DIMENSIONS=6248 x 4176
WARNING=Warning inexact scale! Set FOV=1.39d or scale=1.2"/pix or FL=649mm 
