PLTSOLVD=T
CRPIX1= 3.1245000000000000E+003
CRPIX2= 2.0885000000000000E+003
CRVAL1= 1.3506453491626399E+002
CRVAL2= 3.2620169698321092E+001
CDELT1= 3.3199731483649124E-004
CDELT2= 3.3192374723146640E-004
CROTA1= 8.3464063966247593E+001
CROTA2= 8.3475693493288389E+001
CD1_1= 3.7790046483300847E-005
CD1_2=-3.2983955106298313E-004
CD2_1= 3.2977412348568160E-004
CD2_2= 3.7714737907465388E-005
CMDLINE="C:\Program Files\astap\astap.exe"   -f "C:\skytrack\Images\Streak_59504_215057.fits" -s 500
DIMENSIONS=6248 x 4176
WARNING=Warning inexact scale! Set FOV=1.39d or scale=1.2"/pix or FL=649mm 
