PLTSOLVD=T
CRPIX1= 3.1245000000000000E+003
CRPIX2= 2.0885000000000000E+003
CRVAL1= 2.1231043537558256E+002
CRVAL2= 2.2544887772732235E+001
CDELT1= 3.3194707450192684E-004
CDELT2= 3.3192423719793793E-004
CROTA1=-9.6322971366332098E+001
CROTA2=-9.6351868781334730E+001
CD1_1=-3.6558263099390959E-005
CD1_2= 3.2992780069212641E-004
CD2_1=-3.2988662327571402E-004
CD2_2=-3.6722132606646535E-005
CMDLINE="C:\Program Files\astap\astap.exe"   -f "C:\skytrack\Images\Streak_62895_212802.fits" -s 500
DIMENSIONS=6248 x 4176
WARNING=Warning inexact scale! Set FOV=1.39d or scale=1.2"/pix or FL=649mm 
