PLTSOLVD=T
CRPIX1= 3.1245000000000000E+003
CRPIX2= 2.0885000000000000E+003
CRVAL1= 1.1689469615664854E+002
CRVAL2= 2.8445947241689272E+001
CDELT1= 3.3204583209448294E-004
CDELT2= 3.3195198692357447E-004
CROTA1= 8.3473909639035554E+001
CROTA2= 8.3491270493312058E+001
CD1_1= 3.7738880752589821E-005
CD1_2=-3.2989424288832226E-004
CD2_1= 3.2981242247757324E-004
CD2_2= 3.7628281943024123E-005
CMDLINE="C:\Program Files\astap\astap.exe"   -f "C:\skytrack\Images\Streak_59542_214216.fits" -s 500
DIMENSIONS=6248 x 4176
WARNING=Warning inexact scale! Set FOV=1.39d or scale=1.2"/pix or FL=649mm 
