PLTSOLVD=T
CRPIX1= 3.1245000000000000E+003
CRPIX2= 2.0885000000000000E+003
CRVAL1= 1.8856753431249214E+002
CRVAL2= 4.5796165472574032E+001
CDELT1= 3.3202184578343211E-004
CDELT2= 3.3199778497612354E-004
CROTA1=-9.6333947753814329E+001
CROTA2=-9.6348305649606644E+001
CD1_1=-3.6629717058210150E-005
CD1_2= 3.2999510588139434E-004
CD2_1=-3.2996200311729732E-004
CD2_2=-3.6709749765872980E-005
CMDLINE="C:\Program Files\astap\astap.exe"   -f "C:\skytrack\Images\Streak_54068_222736.fits" -s 500
DIMENSIONS=6248 x 4176
WARNING=Warning inexact scale! Set FOV=1.39d or scale=1.2"/pix or FL=649mm 
