PLTSOLVD=T
CRPIX1= 3.1245000000000000E+003
CRPIX2= 2.0885000000000000E+003
CRVAL1= 1.0644632567360750E+002
CRVAL2= 2.4179222631760666E+001
CDELT1= 3.3196516527394908E-004
CDELT2= 3.3191515774668752E-004
CROTA1= 8.3489824902855972E+001
CROTA2= 8.3504777354013257E+001
CD1_1= 3.7638097358604524E-005
CD1_2=-3.2982456637216178E-004
CD2_1= 3.2978469099277787E-004
CD2_2= 3.7546365054509411E-005
CMDLINE="C:\Program Files\astap\astap.exe"   -f "C:\skytrack\Images\Streak_63594_211728.fits" -s 500
DIMENSIONS=6248 x 4176
WARNING=Warning inexact scale! Set FOV=1.39d or scale=1.2"/pix or FL=649mm 
