PLTSOLVD=T
CRPIX1= 3.1245000000000000E+003
CRPIX2= 2.0885000000000000E+003
CRVAL1= 2.3272968547723045E+002
CRVAL2= 4.5987782093701057E+001
CDELT1= 3.3234432773414894E-004
CDELT2= 3.3223045399483319E-004
CROTA1=-9.6305712595726447E+001
CROTA2=-9.6345589323914268E+001
CD1_1=-3.6502511485590167E-005
CD1_2= 3.3033364774468215E-004
CD2_1=-3.3019498664437375E-004
CD2_2=-3.6719822392473699E-005
CMDLINE="C:\Program Files\astap\astap.exe"   -f "C:\skytrack\Images\Streak_51137_210222.fits" -s 500
DIMENSIONS=6248 x 4176
WARNING=Warning inexact scale! Set FOV=1.39d or scale=1.2"/pix or FL=648mm 
