PLTSOLVD=T
CRPIX1= 3.1245000000000000E+003
CRPIX2= 2.0885000000000000E+003
CRVAL1= 8.4563330617718805E+001
CRVAL2= 2.4735774197853903E+001
CDELT1= 3.3231864643632478E-004
CDELT2= 3.3216308902639559E-004
CROTA1= 8.3466116172860197E+001
CROTA2= 8.3506527725228295E+001
CD1_1= 3.7814796916767996E-005
CD1_2=-3.3016014887235354E-004
CD2_1= 3.3003217860830671E-004
CD2_2= 3.7564328752314042E-005
CMDLINE="C:\Program Files\astap\astap.exe"   -f "C:\skytrack\Images\Streak_39012_210909.fits" -s 500
DIMENSIONS=6248 x 4176
WARNING=Warning inexact scale! Set FOV=1.39d or scale=1.2"/pix or FL=649mm 
