PLTSOLVD=T
CRPIX1= 3.1245000000000000E+003
CRPIX2= 2.0885000000000000E+003
CRVAL1= 1.2650545135311017E+002
CRVAL2= 3.1400119562928491E+001
CDELT1= 3.3194996220077040E-004
CDELT2= 3.3186690326420242E-004
CROTA1= 8.3495524277021005E+001
CROTA2= 8.3491867112592288E+001
CD1_1= 3.7603566367941247E-005
CD1_2=-3.2981320349783559E-004
CD2_1= 3.2972827892060016E-004
CD2_2= 3.7615203870647467E-005
CMDLINE="C:\Program Files\astap\astap.exe"   -f "C:\skytrack\Images\Streak_63594_211758.fits" -s 500
DIMENSIONS=6248 x 4176
WARNING=Warning inexact scale! Set FOV=1.39d or scale=1.2"/pix or FL=649mm 
