PLTSOLVD=T
CRPIX1= 3.1245000000000000E+003
CRPIX2= 2.0885000000000000E+003
CRVAL1= 1.5957111862740226E+002
CRVAL2= 1.7552365404040465E+001
CDELT1= 3.3236241959351705E-004
CDELT2= 3.3221149114007464E-004
CROTA1=-9.6291396028745851E+001
CROTA2=-9.6211505483952394E+001
CD1_1=-3.6421952068884704E-005
CD1_2= 3.3036074125953431E-004
CD2_1=-3.3026116276471603E-004
CD2_2=-3.5944946999677657E-005
CMDLINE="C:\Program Files\astap\astap.exe"   -f "C:\skytrack\Images\Streak_48093_210545.fits" -s 500
DIMENSIONS=6248 x 4176
WARNING=Warning inexact scale! Set FOV=1.39d or scale=1.2"/pix or FL=648mm 
