PLTSOLVD=T
CRPIX1= 3.1245000000000000E+003
CRPIX2= 2.0885000000000000E+003
CRVAL1= 8.8197415201400716E+001
CRVAL2= 1.4078303131493056E+001
CDELT1= 3.3203225451309268E-004
CDELT2= 3.3199309351707336E-004
CROTA1= 8.3471969472410834E+001
CROTA2= 8.3510523509236322E+001
CD1_1= 3.7748508081875487E-005
CD1_2=-3.2987947522487626E-004
CD2_1= 3.2986589124115378E-004
CD2_2= 3.7522099337797385E-005
CMDLINE="C:\Program Files\astap\astap.exe"   -f "C:\skytrack\Images\Streak_63594_211638.fits" -s 500
DIMENSIONS=6248 x 4176
WARNING=Warning inexact scale! Set FOV=1.39d or scale=1.2"/pix or FL=649mm 
