PLTSOLVD=T
CRPIX1= 3.1245000000000000E+003
CRPIX2= 2.0885000000000000E+003
CRVAL1= 1.2527736990055269E+002
CRVAL2= 2.5023266167240656E+001
CDELT1= 3.3209841262883135E-004
CDELT2= 3.3198408697325944E-004
CROTA1= 8.3457018187304669E+001
CROTA2= 8.3483002781215916E+001
CD1_1= 3.7842127185440993E-005
CD1_2=-3.2993534075735268E-004
CD2_1= 3.2983888195457512E-004
CD2_2= 3.7679516377264532E-005
CMDLINE="C:\Program Files\astap\astap.exe"   -f "C:\skytrack\Images\Streak_63994_223048.fits" -s 500
DIMENSIONS=6248 x 4176
WARNING=Warning inexact scale! Set FOV=1.39d or scale=1.2"/pix or FL=649mm 
