PLTSOLVD=T
CRPIX1= 3.1245000000000000E+003
CRPIX2= 2.0885000000000000E+003
CRVAL1= 2.3944482223794500E+002
CRVAL2= 4.2646458292001235E+001
CDELT1= 3.3229209637941799E-004
CDELT2= 3.3216326231821366E-004
CROTA1=-9.6314106230757403E+001
CROTA2=-9.6373960735938553E+001
CD1_1=-3.6545159485981940E-005
CD1_2= 3.3027638219281224E-004
CD2_1=-3.3010998711226783E-004
CD2_2=-3.6875862601663894E-005
CMDLINE="C:\Program Files\astap\astap.exe"   -f "C:\skytrack\Images\Streak_51137_210246.fits" -s 500
DIMENSIONS=6248 x 4176
WARNING=Warning inexact scale! Set FOV=1.39d or scale=1.2"/pix or FL=649mm 
