PLTSOLVD=T
CRPIX1= 3.1245000000000000E+003
CRPIX2= 2.0885000000000000E+003
CRVAL1= 1.2211487920226266E+002
CRVAL2= 2.6686242022982849E+001
CDELT1= 3.3207089205410155E-004
CDELT2= 3.3203155470073803E-004
CROTA1= 8.3463115978836981E+001
CROTA2= 8.3466703552245363E+001
CD1_1= 3.7803880075394651E-005
CD1_2=-3.2991202463816311E-004
CD2_1= 3.2987530918744679E-004
CD2_2= 3.7778746743050997E-005
CMDLINE="C:\Program Files\astap\astap.exe"   -f "C:\skytrack\Images\Streak_58354_223335.fits" -s 500
DIMENSIONS=6248 x 4176
WARNING=Warning inexact scale! Set FOV=1.39d or scale=1.2"/pix or FL=649mm 
