PLTSOLVD=T
CRPIX1= 3.1245000000000000E+003
CRPIX2= 2.0885000000000000E+003
CRVAL1= 1.0114990489865919E+002
CRVAL2= 1.9861166830605711E+001
CDELT1= 3.3218292196093965E-004
CDELT2= 3.3206025805298552E-004
CROTA1= 8.3457598604547798E+001
CROTA2= 8.3507181153257932E+001
CD1_1= 3.7848413739136844E-005
CD1_2=-3.3001968307956852E-004
CD2_1= 3.2993043556885896E-004
CD2_2= 3.7548936916487434E-005
CMDLINE="C:\Program Files\astap\astap.exe"   -f "C:\skytrack\Images\Streak_59552_220836.fits" -s 500
DIMENSIONS=6248 x 4176
WARNING=Warning inexact scale! Set FOV=1.39d or scale=1.2"/pix or FL=649mm 
