PLTSOLVD=T
CRPIX1= 3.1245000000000000E+003
CRPIX2= 2.0885000000000000E+003
CRVAL1= 8.9784402401985943E+001
CRVAL2= 1.6224598989757919E+001
CDELT1= 3.3221632061897433E-004
CDELT2= 3.3210583296734947E-004
CROTA1= 8.3466057807698192E+001
CROTA2= 8.3506728172291048E+001
CD1_1= 3.7803489401287634E-005
CD1_2=-3.3005844917937776E-004
CD2_1= 3.2997542125406883E-004
CD2_2= 3.7556699257746965E-005
CMDLINE="C:\Program Files\astap\astap.exe"   -f "C:\skytrack\Images\Streak_51128_212630.fits" -s 500
DIMENSIONS=6248 x 4176
WARNING=Warning inexact scale! Set FOV=1.39d or scale=1.2"/pix or FL=649mm 
