PLTSOLVD=T
CRPIX1= 3.1245000000000000E+003
CRPIX2= 2.0885000000000000E+003
CRVAL1= 1.5341688962786202E+002
CRVAL2= 6.0498652293833551E+001
CDELT1= 3.3203491315087857E-004
CDELT2= 3.3197322822409202E-004
CROTA1= 8.3425169917932564E+001
CROTA2= 8.3422897453187048E+001
CD1_1= 3.8018247513818212E-005
CD1_2=-3.2985117311764943E-004
CD2_1= 3.2978838602398374E-004
CD2_2= 3.8024264637478259E-005
CMDLINE="C:\Program Files\astap\astap.exe"   -f "C:\skytrack\Images\Streak_40358_213419.fits" -s 500
DIMENSIONS=6248 x 4176
WARNING=Warning inexact scale! Set FOV=1.39d or scale=1.2"/pix or FL=649mm 
