PLTSOLVD=T
CRPIX1= 3.1245000000000000E+003
CRPIX2= 2.0885000000000000E+003
CRVAL1= 9.4362170711234455E+001
CRVAL2= 2.4494052071851467E+001
CDELT1= 3.3204929374297412E-004
CDELT2= 3.3199060540124601E-004
CROTA1= 8.3477318044549349E+001
CROTA2= 8.3493022780307257E+001
CD1_1= 3.7719649201876694E-005
CD1_2=-3.2989992655242483E-004
CD2_1= 3.2985194281562601E-004
CD2_2= 3.7622571621871243E-005
CMDLINE="C:\Program Files\astap\astap.exe"   -f "C:\skytrack\Images\Streak_52339_212850.fits" -s 500
DIMENSIONS=6248 x 4176
WARNING=Warning inexact scale! Set FOV=1.39d or scale=1.2"/pix or FL=649mm 
