PLTSOLVD=T
CRPIX1= 3.1245000000000000E+003
CRPIX2= 2.0885000000000000E+003
CRVAL1= 9.1116671487263702E+001
CRVAL2= 4.1204800134770764E+001
CDELT1= 3.3216320408727395E-004
CDELT2= 3.3200648702954059E-004
CROTA1= 8.3462135060911038E+001
CROTA2= 8.3488188788008500E+001
CD1_1= 3.7820038875807081E-005
CD1_2=-3.3000308909002116E-004
CD2_1= 3.2986454662779031E-004
CD2_2= 3.7652201897616211E-005
CMDLINE="C:\Program Files\astap\astap.exe"   -f "C:\skytrack\Images\Streak_65474_222322.fits" -s 500
DIMENSIONS=6248 x 4176
WARNING=Warning inexact scale! Set FOV=1.39d or scale=1.2"/pix or FL=649mm 
