PLTSOLVD=T
CRPIX1= 3.1245000000000000E+003
CRPIX2= 2.0885000000000000E+003
CRVAL1= 5.9517106122994626E+001
CRVAL2= 4.6992396030776909E+001
CDELT1= 3.3230338631481861E-004
CDELT2= 3.3222298603960394E-004
CROTA1= 8.3420326690939916E+001
CROTA2= 8.3453138114371143E+001
CD1_1= 3.8076892706659231E-005
CD1_2=-3.3011466310677739E-004
CD2_1= 3.3005653838962353E-004
CD2_2= 3.7878673674375581E-005
CMDLINE="C:\Program Files\astap\astap.exe"   -f "C:\skytrack\Images\Streak_48093_210348.fits" -s 500
DIMENSIONS=6248 x 4176
WARNING=Warning inexact scale! Set FOV=1.39d or scale=1.2"/pix or FL=648mm 
