PLTSOLVD=T
CRPIX1= 3.1245000000000000E+003
CRPIX2= 2.0885000000000000E+003
CRVAL1= 2.2807924782968101E+002
CRVAL2= 4.7877694800872838E+001
CDELT1= 3.3224788409390977E-004
CDELT2= 3.3212155692676621E-004
CROTA1=-9.6303733804211632E+001
CROTA2=-9.6328626865408665E+001
CD1_1=-3.6480513496461548E-005
CD1_2= 3.3023904769108483E-004
CD2_1=-3.3009760965521250E-004
CD2_2=-3.6610062487984835E-005
CMDLINE="C:\Program Files\astap\astap.exe"   -f "C:\skytrack\Images\Streak_51137_210209.fits" -s 500
DIMENSIONS=6248 x 4176
WARNING=Warning inexact scale! Set FOV=1.39d or scale=1.2"/pix or FL=649mm 
