PLTSOLVD=T
CRPIX1= 3.1245000000000000E+003
CRPIX2= 2.0885000000000000E+003
CRVAL1= 8.5789598835582723E+001
CRVAL2= 4.4875456707280925E+001
CDELT1= 3.3207911380399004E-004
CDELT2= 3.3195448978294627E-004
CROTA1= 8.3472181123982438E+001
CROTA2= 8.3476122215314248E+001
CD1_1= 3.7752616728382238E-005
CD1_2=-3.2992617015781462E-004
CD2_1= 3.2980494916208850E-004
CD2_2= 3.7715763219751939E-005
CMDLINE="C:\Program Files\astap\astap.exe"   -f "C:\skytrack\Images\Streak_52334_210647.fits" -s 500
DIMENSIONS=6248 x 4176
WARNING=Warning inexact scale! Set FOV=1.39d or scale=1.2"/pix or FL=649mm 
