PLTSOLVD=T
CRPIX1= 3.1245000000000000E+003
CRPIX2= 2.0885000000000000E+003
CRVAL1= 9.5477009610012857E+001
CRVAL2= 1.9245691972430514E+001
CDELT1= 3.3205995923936828E-004
CDELT2= 3.3204087212335094E-004
CROTA1= 8.3471491103310541E+001
CROTA2= 8.3500487245574661E+001
CD1_1= 3.7754412242715399E-005
CD1_2=-3.2990668511907728E-004
CD2_1= 3.2990678511477732E-004
CD2_2= 3.7585288287674664E-005
CMDLINE="C:\Program Files\astap\astap.exe"   -f "C:\skytrack\Images\Streak_59486_211750.fits" -s 500
DIMENSIONS=6248 x 4176
WARNING=Warning inexact scale! Set FOV=1.39d or scale=1.2"/pix or FL=649mm 
