PLTSOLVD=T
CRPIX1= 3.1245000000000000E+003
CRPIX2= 2.0885000000000000E+003
CRVAL1= 1.8373719055300455E+002
CRVAL2= 5.3859841396191598E+001
CDELT1= 3.3208485201335203E-004
CDELT2= 3.3206768828608667E-004
CROTA1=-9.6224034145032164E+001
CROTA2=-9.6233422840934509E+001
CD1_1=-3.6003433400761149E-005
CD1_2= 3.3012740225568503E-004
CD2_1=-3.3010443591752762E-004
CD2_2=-3.6055665175344093E-005
CMDLINE="C:\Program Files\astap\astap.exe"   -f "C:\skytrack\Images\Streak_51137_210108.fits" -s 500
DIMENSIONS=6248 x 4176
WARNING=Warning inexact scale! Set FOV=1.39d or scale=1.2"/pix or FL=649mm 
