PLTSOLVD=T
CRPIX1= 3.1245000000000000E+003
CRPIX2= 2.0885000000000000E+003
CRVAL1= 1.1131477377817916E+002
CRVAL2= 1.8226817737323113E+001
CDELT1= 3.3225565488714928E-004
CDELT2= 3.3218165564344646E-004
CROTA1= 8.3499477190792902E+001
CROTA2= 8.3501108974730343E+001
CD1_1= 3.7615420182848528E-005
CD1_2=-3.3011952436800250E-004
CD2_1= 3.3004707179336854E-004
CD2_2= 3.7597642833617615E-005
CMDLINE="C:\Program Files\astap\astap.exe"   -f "C:\skytrack\Images\Streak_42954_212123.fits" -s 500
DIMENSIONS=6248 x 4176
WARNING=Warning inexact scale! Set FOV=1.39d or scale=1.2"/pix or FL=649mm 
