PLTSOLVD=T
CRPIX1= 3.1245000000000000E+003
CRPIX2= 2.0885000000000000E+003
CRVAL1= 1.0722627854989011E+002
CRVAL2= 3.7731024267429852E+001
CDELT1= 3.3203072637864184E-004
CDELT2= 3.3197543532752943E-004
CROTA1= 8.3487350554515572E+001
CROTA2= 8.3487521285945334E+001
CD1_1= 3.7659777079429612E-005
CD1_2=-3.2988807867192805E-004
CD2_1= 3.2983325662228150E-004
CD2_2= 3.7652522981108450E-005
CMDLINE="C:\Program Files\astap\astap.exe"   -f "C:\skytrack\Images\Streak_52331_211245.fits" -s 500
DIMENSIONS=6248 x 4176
WARNING=Warning inexact scale! Set FOV=1.39d or scale=1.2"/pix or FL=649mm 
