PLTSOLVD=T
CRPIX1= 3.1245000000000000E+003
CRPIX2= 2.0885000000000000E+003
CRVAL1= 8.5592283260096423E+001
CRVAL2= 1.2377273758951702E+001
CDELT1= 3.3200109320515655E-004
CDELT2= 3.3193090567939419E-004
CROTA1= 8.3465977543754533E+001
CROTA2= 8.3516429156934990E+001
CD1_1= 3.7779460358288611E-005
CD1_2=-3.2984456682573314E-004
CD2_1= 3.2980796690274352E-004
CD2_2= 3.7481076727085815E-005
CMDLINE="C:\Program Files\astap\astap.exe"   -f "C:\skytrack\Images\Streak_63594_211626.fits" -s 500
DIMENSIONS=6248 x 4176
WARNING=Warning inexact scale! Set FOV=1.39d or scale=1.2"/pix or FL=649mm 
