PLTSOLVD=T
CRPIX1= 3.1245000000000000E+003
CRPIX2= 2.0885000000000000E+003
CRVAL1= 8.2786518896794632E+001
CRVAL2= 5.5114025471515042E+001
CDELT1= 3.3219662666080348E-004
CDELT2= 3.3210024345446622E-004
CROTA1= 8.3443141132023086E+001
CROTA2= 8.3465358896742529E+001
CD1_1= 3.7933251492083449E-005
CD1_2=-3.3002373732211383E-004
CD2_1= 3.2994266497860111E-004
CD2_2= 3.7794305514645271E-005
CMDLINE="C:\Program Files\astap\astap.exe"   -f "C:\skytrack\Images\Streak_49436_205548.fits" -s 500
DIMENSIONS=6248 x 4176
WARNING=Warning inexact scale! Set FOV=1.39d or scale=1.2"/pix or FL=649mm 
