PLTSOLVD=T
CRPIX1= 3.1245000000000000E+003
CRPIX2= 2.0885000000000000E+003
CRVAL1= 1.6327239756890162E+002
CRVAL2=-1.3867169208338913E+001
CDELT1= 3.3207551829894839E-004
CDELT2= 3.3219576500803731E-004
CROTA1= 8.3430820993186089E+001
CROTA2= 8.3443735039021931E+001
CD1_1= 3.7990359492268020E-005
CD1_2=-3.2989525980099118E-004
CD2_1= 3.3002327448879338E-004
CD2_2= 3.7929732202715209E-005
CMDLINE="C:\Program Files\astap\astap.exe"   -f "C:\skytrack\Images\Streak_57166_221626.fits" -s 500
DIMENSIONS=6248 x 4176
WARNING=Warning inexact scale! Set FOV=1.39d or scale=1.2"/pix or FL=649mm 
