PLTSOLVD=T
CRPIX1= 3.1245000000000000E+003
CRPIX2= 2.0885000000000000E+003
CRVAL1= 1.6569033897065131E+002
CRVAL2=-9.5052227362314898E+000
CDELT1= 3.3213857848207826E-004
CDELT2= 3.3217503569006352E-004
CROTA1=-9.6323034144986622E+001
CROTA2=-9.6327313491225382E+001
CD1_1=-3.6579715678798115E-005
CD1_2= 3.3011809965064615E-004
CD2_1=-3.3015160176917674E-004
CD2_2=-3.6608389543134964E-005
CMDLINE="C:\Program Files\astap\astap.exe"   -f "C:\skytrack\Images\Streak_43765_215619.fits" -s 500
DIMENSIONS=6248 x 4176
WARNING=Warning inexact scale! Set FOV=1.39d or scale=1.2"/pix or FL=649mm 
