PLTSOLVD=T
CRPIX1= 3.1245000000000000E+003
CRPIX2= 2.0885000000000000E+003
CRVAL1= 1.1674241304871434E+002
CRVAL2= 2.1454252895648906E+001
CDELT1= 3.3193582774420109E-004
CDELT2= 3.3190319048471192E-004
CROTA1= 8.3485943625229353E+001
CROTA2= 8.3494284835909085E+001
CD1_1= 3.7657111688848439E-005
CD1_2=-3.2979286784204647E-004
CD2_1= 3.2976591943562658E-004
CD2_2= 3.7605401642673679E-005
CMDLINE="C:\Program Files\astap\astap.exe"   -f "C:\skytrack\Images\Streak_55463_213848.fits" -s 500
DIMENSIONS=6248 x 4176
WARNING=Warning inexact scale! Set FOV=1.39d or scale=1.2"/pix or FL=649mm 
