PLTSOLVD=T
CRPIX1= 3.1245000000000000E+003
CRPIX2= 2.0885000000000000E+003
CRVAL1= 1.0837404438426303E+002
CRVAL2= 1.9930424146207518E+001
CDELT1= 3.3211818776273581E-004
CDELT2= 3.3203428991927873E-004
CROTA1= 8.3470605069965245E+001
CROTA2= 8.3492454121663073E+001
CD1_1= 3.7766135317424879E-005
CD1_2=-3.2996395207050995E-004
CD2_1= 3.2989497245262961E-004
CD2_2= 3.7630796333300791E-005
CMDLINE="C:\Program Files\astap\astap.exe"   -f "C:\skytrack\Images\Streak_66494_220212.fits" -s 500
DIMENSIONS=6248 x 4176
WARNING=Warning inexact scale! Set FOV=1.39d or scale=1.2"/pix or FL=649mm 
