PLTSOLVD=T
CRPIX1= 3.1245000000000000E+003
CRPIX2= 2.0885000000000000E+003
CRVAL1= 1.3050206986761114E+002
CRVAL2= 9.0255514699589909E+000
CDELT1= 3.3201677809190447E-004
CDELT2= 3.3202730868347465E-004
CROTA1= 8.3484573577620154E+001
CROTA2= 8.3486998954424251E+001
CD1_1= 3.7674183127230867E-005
CD1_2=-3.2987239481385044E-004
CD2_1= 3.2988445192565891E-004
CD2_2= 3.7661413798462479E-005
CMDLINE="C:\Program Files\astap\astap.exe"   -f "C:\skytrack\Images\Streak_52339_212958.fits" -s 500
DIMENSIONS=6248 x 4176
WARNING=Warning inexact scale! Set FOV=1.39d or scale=1.2"/pix or FL=649mm 
