PLTSOLVD=T
CRPIX1= 3.1245000000000000E+003
CRPIX2= 2.0885000000000000E+003
CRVAL1= 9.1996499986157801E+001
CRVAL2= 2.9762259901835748E+001
CDELT1= 3.3216141828659192E-004
CDELT2= 3.3203834315689173E-004
CROTA1= 8.3471901987295738E+001
CROTA2= 8.3497396075810656E+001
CD1_1= 3.7763581313859731E-005
CD1_2=-3.3000775706718135E-004
CD2_1= 3.2990224417048524E-004
CD2_2= 3.7602800662335203E-005
CMDLINE="C:\Program Files\astap\astap.exe"   -f "C:\skytrack\Images\Streak_41188_213304.fits" -s 500
DIMENSIONS=6248 x 4176
WARNING=Warning inexact scale! Set FOV=1.39d or scale=1.2"/pix or FL=649mm 
