PLTSOLVD=T
CRPIX1= 3.1245000000000000E+003
CRPIX2= 2.0885000000000000E+003
CRVAL1= 3.4890602249677619E+002
CRVAL2= 7.9737774573480664E+001
CDELT1= 3.3207255946542721E-004
CDELT2= 3.3223498631147048E-004
CROTA1= 8.2916596576456755E+001
CROTA2= 8.2909673702624815E+001
CD1_1= 4.0949204837446766E-005
CD1_2=-3.2953808182530363E-004
CD2_1= 3.2969431638685287E-004
CD2_2= 4.1009070601376890E-005
CMDLINE="C:\Program Files\astap\astap.exe"   -f "C:\skytrack\Images\Streak_43071_220143.fits" -s 500
DIMENSIONS=6248 x 4176
WARNING=Warning inexact scale! Set FOV=1.39d or scale=1.2"/pix or FL=648mm 
