PLTSOLVD=T
CRPIX1= 3.1245000000000000E+003
CRPIX2= 2.0885000000000000E+003
CRVAL1= 9.1395048495652418E+001
CRVAL2= 1.6085505608191802E+001
CDELT1= 3.3203333252282446E-004
CDELT2= 3.3191097972648742E-004
CROTA1= 8.3474401753348459E+001
CROTA2= 8.3508527972833008E+001
CD1_1= 3.7734626744455754E-005
CD1_2=-3.2988214842678148E-004
CD2_1= 3.2978299686192621E-004
CD2_2= 3.7524304707263126E-005
CMDLINE="C:\Program Files\astap\astap.exe"   -f "C:\skytrack\Images\Streak_63594_211650.fits" -s 500
DIMENSIONS=6248 x 4176
WARNING=Warning inexact scale! Set FOV=1.39d or scale=1.2"/pix or FL=649mm 
