PLTSOLVD=T
CRPIX1= 3.1245000000000000E+003
CRPIX2= 2.0885000000000000E+003
CRVAL1= 1.6335918046153748E+002
CRVAL2= 1.9748601959488301E+000
CDELT1= 3.3204356888831674E-004
CDELT2= 3.3205243851137852E-004
CROTA1=-9.6325088797131571E+001
CROTA2=-9.6313669309591575E+001
CD1_1=-3.6581086674125262E-005
CD1_2= 3.3002235642124378E-004
CD2_1=-3.3003845658358013E-004
CD2_2=-3.6516285370791966E-005
CMDLINE="C:\Program Files\astap\astap.exe"   -f "C:\skytrack\Images\Streak_43071_220537.fits" -s 500
DIMENSIONS=6248 x 4176
WARNING=Warning inexact scale! Set FOV=1.39d or scale=1.2"/pix or FL=649mm 
