PLTSOLVD=T
CRPIX1= 3.1245000000000000E+003
CRPIX2= 2.0885000000000000E+003
CRVAL1= 1.6071292202572442E+002
CRVAL2=-2.5392431774094315E+000
CDELT1= 3.3234500088098859E-004
CDELT2= 3.3232243948175125E-004
CROTA1=-9.6270650487468743E+001
CROTA2=-9.6274294297204406E+001
CD1_1=-3.6300430766032838E-005
CD1_2= 3.3035659269459834E-004
CD2_1=-3.3033185718858385E-004
CD2_2=-3.6318974509797003E-005
CMDLINE="C:\Program Files\astap\astap.exe"   -f "C:\skytrack\Images\Streak_40339_211651.fits" -s 500
DIMENSIONS=6248 x 4176
WARNING=Warning inexact scale! Set FOV=1.39d or scale=1.2"/pix or FL=648mm 
