PLTSOLVD=T
CRPIX1= 3.1245000000000000E+003
CRPIX2= 2.0885000000000000E+003
CRVAL1= 1.3148930920889723E+002
CRVAL2= 5.8724379702443197E-001
CDELT1= 3.3206611772076239E-004
CDELT2= 3.3211121464159926E-004
CROTA1= 8.3455805747556056E+001
CROTA2= 8.3468467599756835E+001
CD1_1= 3.7845428323990453E-005
CD1_2=-3.2990245542146684E-004
CD2_1= 3.2995561508007660E-004
CD2_2= 3.7777651698414818E-005
CMDLINE="C:\Program Files\astap\astap.exe"   -f "C:\skytrack\Images\Streak_54068_222541.fits" -s 500
DIMENSIONS=6248 x 4176
WARNING=Warning inexact scale! Set FOV=1.39d or scale=1.2"/pix or FL=649mm 
