PLTSOLVD=T
CRPIX1= 3.1245000000000000E+003
CRPIX2= 2.0885000000000000E+003
CRVAL1= 9.1087154010973421E+001
CRVAL2= 6.3193288410959660E+001
CDELT1= 3.3209764600397726E-004
CDELT2= 3.3205643152626753E-004
CROTA1= 8.3430469566986062E+001
CROTA2= 8.3446492311684636E+001
CD1_1= 3.7994914524335684E-005
CD1_2=-3.2991700918817663E-004
CD2_1= 3.2988667638209486E-004
CD2_2= 3.7897948012179033E-005
CMDLINE="C:\Program Files\astap\astap.exe"   -f "C:\skytrack\Images\Streak_57166_222031.fits" -s 500
DIMENSIONS=6248 x 4176
WARNING=Warning inexact scale! Set FOV=1.39d or scale=1.2"/pix or FL=649mm 
