PLTSOLVD=T
CRPIX1= 3.1245000000000000E+003
CRPIX2= 2.0885000000000000E+003
CRVAL1= 8.7841248506334040E+001
CRVAL2= 6.6863458779369878E+001
CDELT1= 3.3225215313511120E-004
CDELT2= 3.3211397077653857E-004
CROTA1= 8.3432396983624812E+001
CROTA2= 8.3437104339859047E+001
CD1_1= 3.8001487993655878E-005
CD1_2=-3.3007178033449849E-004
CD2_1= 3.2993762453146038E-004
CD2_2= 3.7958576152124184E-005
CMDLINE="C:\Program Files\astap\astap.exe"   -f "C:\skytrack\Images\Streak_39012_211049.fits" -s 500
DIMENSIONS=6248 x 4176
WARNING=Warning inexact scale! Set FOV=1.39d or scale=1.2"/pix or FL=649mm 
