PLTSOLVD=T
CRPIX1= 3.1245000000000000E+003
CRPIX2= 2.0885000000000000E+003
CRVAL1= 9.7250944093342966E+001
CRVAL2= 1.5477006882772010E+001
CDELT1= 3.3217397929654577E-004
CDELT2= 3.3210538457664355E-004
CROTA1= 8.3467178422850338E+001
CROTA2= 8.3496901230697773E+001
CD1_1= 3.7792216698877274E-005
CD1_2=-3.3001712209927399E-004
CD2_1= 3.2996852945223085E-004
CD2_2= 3.7613242826597318E-005
CMDLINE="C:\Program Files\astap\astap.exe"   -f "C:\skytrack\Images\Streak_59504_214937.fits" -s 500
DIMENSIONS=6248 x 4176
WARNING=Warning inexact scale! Set FOV=1.39d or scale=1.2"/pix or FL=649mm 
