PLTSOLVD=T
CRPIX1= 3.1245000000000000E+003
CRPIX2= 2.0885000000000000E+003
CRVAL1= 1.4887129932789645E+002
CRVAL2= 2.9924734037514726E+000
CDELT1= 3.3203223878624301E-004
CDELT2= 3.3202068031630051E-004
CROTA1= 8.3466866578144845E+001
CROTA2= 8.3465957620745456E+001
CD1_1= 3.7777885969630479E-005
CD1_2=-3.2987609632265005E-004
CD2_1= 3.2986401357046482E-004
CD2_2= 3.7781803938975988E-005
CMDLINE="C:\Program Files\astap\astap.exe"   -f "C:\skytrack\Images\Streak_64855_214811.fits" -s 500
DIMENSIONS=6248 x 4176
WARNING=Warning inexact scale! Set FOV=1.39d or scale=1.2"/pix or FL=649mm 
