PLTSOLVD=T
CRPIX1= 3.1245000000000000E+003
CRPIX2= 2.0885000000000000E+003
CRVAL1= 1.3406747300304647E+002
CRVAL2= 3.7665744249655404E+000
CDELT1= 3.3206845734708298E-004
CDELT2= 3.3204770614893731E-004
CROTA1= 8.3452186670504844E+001
CROTA2= 8.3472943086071979E+001
CD1_1= 3.7866533267528842E-005
CD1_2=-3.2990238862907708E-004
CD2_1= 3.2989546811151035E-004
CD2_2= 3.7744658936841170E-005
CMDLINE="C:\Program Files\astap\astap.exe"   -f "C:\skytrack\Images\Streak_54068_222554.fits" -s 500
DIMENSIONS=6248 x 4176
WARNING=Warning inexact scale! Set FOV=1.39d or scale=1.2"/pix or FL=649mm 
