PLTSOLVD=T
CRPIX1= 3.1245000000000000E+003
CRPIX2= 2.0885000000000000E+003
CRVAL1= 5.7868698508496998E+001
CRVAL2= 4.6481053336899201E+001
CDELT1= 3.3225714918631860E-004
CDELT2= 3.3212094709279643E-004
CROTA1= 8.3423923102101469E+001
CROTA2= 8.3494031112937265E+001
CD1_1= 3.8050876407490115E-005
CD1_2=-3.3007111959400731E-004
CD2_1= 3.2998210717231826E-004
CD2_2= 3.7631535232205710E-005
CMDLINE="C:\Program Files\astap\astap.exe"   -f "C:\skytrack\Images\Streak_47799_214913.fits" -s 500
DIMENSIONS=6248 x 4176
WARNING=Warning inexact scale! Set FOV=1.39d or scale=1.2"/pix or FL=649mm 
