PLTSOLVD=T
CRPIX1= 3.1245000000000000E+003
CRPIX2= 2.0885000000000000E+003
CRVAL1= 1.6325383528117578E+002
CRVAL2= 1.4218356636301694E+001
CDELT1= 3.3204270536406073E-004
CDELT2= 3.3197961430842161E-004
CROTA1=-9.6306849921901076E+001
CROTA2=-9.6290561492101588E+001
CD1_1=-3.6475934464798400E-005
CD1_2= 3.3003312620160448E-004
CD2_1=-3.2998077130355093E-004
CD2_2=-3.6375196030839453E-005
CMDLINE="C:\Program Files\astap\astap.exe"   -f "C:\skytrack\Images\Streak_44768_211852.fits" -s 500
DIMENSIONS=6248 x 4176
WARNING=Warning inexact scale! Set FOV=1.39d or scale=1.2"/pix or FL=649mm 
