PLTSOLVD=T
CRPIX1= 3.1245000000000000E+003
CRPIX2= 2.0885000000000000E+003
CRVAL1= 1.3309748834609064E+002
CRVAL2= 6.0452697179975779E+001
CDELT1= 3.3198971333663697E-004
CDELT2= 3.3196315837123150E-004
CROTA1= 8.3449591494356326E+001
CROTA2= 8.3445283466271263E+001
CD1_1= 3.7872493044232150E-005
CD1_2=-3.2982244319020650E-004
CD2_1= 3.2979321326918453E-004
CD2_2= 3.7894260744728550E-005
CMDLINE="C:\Program Files\astap\astap.exe"   -f "C:\skytrack\Images\Streak_41188_213437.fits" -s 500
DIMENSIONS=6248 x 4176
WARNING=Warning inexact scale! Set FOV=1.39d or scale=1.2"/pix or FL=649mm 
