PLTSOLVD=T
CRPIX1= 3.1245000000000000E+003
CRPIX2= 2.0885000000000000E+003
CRVAL1= 1.3297937003895748E+002
CRVAL2= 3.9290016485761790E+001
CDELT1= 3.3204179370984577E-004
CDELT2= 3.3193902072728340E-004
CROTA1= 8.3441628335670146E+001
CROTA2= 8.3446993558593292E+001
CD1_1= 3.7924280882195376E-005
CD1_2=-3.2986891591906643E-004
CD2_1= 3.2977036419696800E-004
CD2_2= 3.7881662830279336E-005
CMDLINE="C:\Program Files\astap\astap.exe"   -f "C:\skytrack\Images\Streak_54062_224852.fits" -s 500
DIMENSIONS=6248 x 4176
WARNING=Warning inexact scale! Set FOV=1.39d or scale=1.2"/pix or FL=649mm 
