PLTSOLVD=T
CRPIX1= 3.1245000000000000E+003
CRPIX2= 2.0885000000000000E+003
CRVAL1= 7.4471413247510228E+001
CRVAL2= 7.0218435760731793E+001
CDELT1= 3.3225510875352457E-004
CDELT2= 3.3219642254160402E-004
CROTA1= 8.3391353543396065E+001
CROTA2= 8.3364547870819436E+001
CD1_1= 3.8238263041581357E-005
CD1_2=-3.3004740952229767E-004
CD2_1= 3.2997119063655806E-004
CD2_2= 3.8385889325795012E-005
CMDLINE="C:\Program Files\astap\astap.exe"   -f "C:\skytrack\Images\Streak_48140_212602.fits" -s 500
DIMENSIONS=6248 x 4176
WARNING=Warning inexact scale! Set FOV=1.39d or scale=1.2"/pix or FL=649mm 
