PLTSOLVD=T
CRPIX1= 3.1245000000000000E+003
CRPIX2= 2.0885000000000000E+003
CRVAL1= 1.1872361598254234E+002
CRVAL2= 3.8302425151919245E+001
CDELT1= 3.3201660678818358E-004
CDELT2= 3.3197835282852028E-004
CROTA1= 8.3491618852347557E+001
CROTA2= 8.3480228864658599E+001
CD1_1= 3.7633601246804572E-005
CD1_2=-3.2987685465994096E-004
CD2_1= 3.2983136029227995E-004
CD2_2= 3.7694834055633215E-005
CMDLINE="C:\Program Files\astap\astap.exe"   -f "C:\skytrack\Images\Streak_46146_212227.fits" -s 500
DIMENSIONS=6248 x 4176
WARNING=Warning inexact scale! Set FOV=1.39d or scale=1.2"/pix or FL=649mm 
