PLTSOLVD=T
CRPIX1= 3.1245000000000000E+003
CRPIX2= 2.0885000000000000E+003
CRVAL1= 6.8170579318972415E+001
CRVAL2= 5.4163474996579168E+001
CDELT1= 3.3225073903634853E-004
CDELT2= 3.3209581154459397E-004
CROTA1= 8.3441038854435291E+001
CROTA2= 8.3449669160869689E+001
CD1_1= 3.7951541606011541E-005
CD1_2=-3.3007610346695343E-004
CD2_1= 3.2992790012950933E-004
CD2_2= 3.7884149213028081E-005
CMDLINE="C:\Program Files\astap\astap.exe"   -f "C:\skytrack\Images\Streak_47799_214948.fits" -s 500
DIMENSIONS=6248 x 4176
WARNING=Warning inexact scale! Set FOV=1.39d or scale=1.2"/pix or FL=649mm 
