PLTSOLVD=T
CRPIX1= 3.1245000000000000E+003
CRPIX2= 2.0885000000000000E+003
CRVAL1= 1.9552305311361494E+002
CRVAL2=-1.3533334250289709E+001
CDELT1= 3.3221014102875274E-004
CDELT2= 3.3234887425435044E-004
CROTA1=-9.6278718780954719E+001
CROTA2=-9.6362030959305315E+001
CD1_1=-3.6332201691408357E-005
CD1_2= 3.3021742673971437E-004
CD2_1=-3.3030212688102515E-004
CD2_2=-3.6827696045302902E-005
CMDLINE="C:\Program Files\astap\astap.exe"   -f "C:\skytrack\Images\Streak_60418_212923.fits" -s 500
DIMENSIONS=6248 x 4176
WARNING=Warning inexact scale! Set FOV=1.39d or scale=1.2"/pix or FL=648mm 
