PLTSOLVD=T
CRPIX1= 3.1245000000000000E+003
CRPIX2= 2.0885000000000000E+003
CRVAL1= 2.0774025945143839E+002
CRVAL2= 5.8837913852913239E+001
CDELT1= 3.3197499316117094E-004
CDELT2= 3.3189922450350522E-004
CROTA1=-9.6270682988213665E+001
CROTA2=-9.6253820796233882E+001
CD1_1=-3.6260203803839346E-005
CD1_2= 3.2998877814929335E-004
CD2_1=-3.2992411750020335E-004
CD2_2=-3.6154832564128391E-005
CMDLINE="C:\Program Files\astap\astap.exe"   -f "C:\skytrack\Images\Streak_65437_213011.fits" -s 500
DIMENSIONS=6248 x 4176
WARNING=Warning inexact scale! Set FOV=1.39d or scale=1.2"/pix or FL=649mm 
