PLTSOLVD=T
CRPIX1= 3.1245000000000000E+003
CRPIX2= 2.0885000000000000E+003
CRVAL1= 7.4560760281596117E+001
CRVAL2= 5.3632183191113455E+001
CDELT1= 3.3234949480147894E-004
CDELT2= 3.3222280363379419E-004
CROTA1= 8.3446886477653408E+001
CROTA2= 8.3456609978682451E+001
CD1_1= 3.7929124173209931E-005
CD1_2=-3.3017808563599659E-004
CD2_1= 3.3005865184186498E-004
CD2_2= 3.7858652889783709E-005
CMDLINE="C:\Program Files\astap\astap.exe"   -f "C:\skytrack\Images\Streak_42954_212243.fits" -s 500
DIMENSIONS=6248 x 4176
WARNING=Warning inexact scale! Set FOV=1.39d or scale=1.2"/pix or FL=648mm 
