PLTSOLVD=T
CRPIX1= 3.1245000000000000E+003
CRPIX2= 2.0885000000000000E+003
CRVAL1= 8.8668721206096734E+001
CRVAL2= 7.2159935376183583E+001
CDELT1= 3.3230771293299102E-004
CDELT2= 3.3219348312580558E-004
CROTA1= 8.3418180134445421E+001
CROTA2= 8.3409399693006264E+001
CD1_1= 3.8089756178990031E-005
CD1_2=-3.3011753444641540E-004
CD2_1= 3.2999821847397353E-004
CD2_2= 3.8127234823135244E-005
CMDLINE="C:\Program Files\astap\astap.exe"   -f "C:\skytrack\Images\Streak_39012_211102.fits" -s 500
DIMENSIONS=6248 x 4176
WARNING=Warning inexact scale! Set FOV=1.39d or scale=1.2"/pix or FL=649mm 
