PLTSOLVD=T
CRPIX1= 3.1245000000000000E+003
CRPIX2= 2.0885000000000000E+003
CRVAL1= 1.1295524143371981E+002
CRVAL2= 4.6523363506861749E+001
CDELT1= 3.3220786206735955E-004
CDELT2= 3.3215239128221881E-004
CROTA1= 8.3511615709040626E+001
CROTA2= 8.3497837054280225E+001
CD1_1= 3.7540080497101101E-005
CD1_2=-3.3007999935718148E-004
CD2_1= 3.3001584809171000E-004
CD2_2= 3.7613176451950748E-005
CMDLINE="C:\Program Files\astap\astap.exe"   -f "C:\skytrack\Images\Streak_48093_210446.fits" -s 500
DIMENSIONS=6248 x 4176
WARNING=Warning inexact scale! Set FOV=1.39d or scale=1.2"/pix or FL=649mm 
