PLTSOLVD=T
CRPIX1= 3.1245000000000000E+003
CRPIX2= 2.0885000000000000E+003
CRVAL1= 3.5556878993183506E+002
CRVAL2= 8.5204054849512957E+001
CDELT1= 3.3207898856962625E-004
CDELT2= 3.3216275628426302E-004
CROTA1= 8.2273525972516424E+001
CROTA2= 8.2266379001703442E+001
CD1_1= 4.4646048709852713E-005
CD1_2=-3.2906410467266621E-004
CD2_1= 3.2914153884365998E-004
CD2_2= 4.4698367643418378E-005
CMDLINE="C:\Program Files\astap\astap.exe"   -f "C:\skytrack\Images\Streak_43071_220206.fits" -s 500
DIMENSIONS=6248 x 4176
WARNING=Warning inexact scale! Set FOV=1.39d or scale=1.2"/pix or FL=649mm 
