PLTSOLVD=T
CRPIX1= 3.1245000000000000E+003
CRPIX2= 2.0885000000000000E+003
CRVAL1= 1.0752599115805323E+002
CRVAL2= 1.9700472231615308E+001
CDELT1= 3.3212265217308763E-004
CDELT2= 3.3208633555767382E-004
CROTA1= 8.3460081450262464E+001
CROTA2= 8.3501267824648608E+001
CD1_1= 3.7827248233254849E-005
CD1_2=-3.2996144528957538E-004
CD2_1= 3.2995246843658754E-004
CD2_2= 3.7585939348732770E-005
CMDLINE="C:\Program Files\astap\astap.exe"   -f "C:\skytrack\Images\Streak_58354_223257.fits" -s 500
DIMENSIONS=6248 x 4176
WARNING=Warning inexact scale! Set FOV=1.39d or scale=1.2"/pix or FL=649mm 
