PLTSOLVD=T
CRPIX1= 3.1245000000000000E+003
CRPIX2= 2.0885000000000000E+003
CRVAL1= 2.2208374689885173E+002
CRVAL2= 4.9870149075092549E+001
CDELT1= 3.3217939415961911E-004
CDELT2= 3.3201388989683334E-004
CROTA1=-9.6300792459726637E+001
CROTA2=-9.6311855587599723E+001
CD1_1=-3.6456043611209843E-005
CD1_2= 3.3017284380831380E-004
CD2_1=-3.3000129741495222E-004
CD2_2=-3.6501599812539930E-005
CMDLINE="C:\Program Files\astap\astap.exe"   -f "C:\skytrack\Images\Streak_51137_210156.fits" -s 500
DIMENSIONS=6248 x 4176
WARNING=Warning inexact scale! Set FOV=1.39d or scale=1.2"/pix or FL=649mm 
