PLTSOLVD=T
CRPIX1= 3.1245000000000000E+003
CRPIX2= 2.0885000000000000E+003
CRVAL1= 7.0761349053964068E+001
CRVAL2= 3.7368610129816858E+001
CDELT1= 3.3211825658985901E-004
CDELT2= 3.3202414437893344E-004
CROTA1= 8.3451461966827381E+001
CROTA2= 8.3499875068921938E+001
CD1_1= 3.7876385371870443E-005
CD1_2=-3.2995138398171479E-004
CD2_1= 3.2988976330406854E-004
CD2_2= 3.7586919503312157E-005
CMDLINE="C:\Program Files\astap\astap.exe"   -f "C:\skytrack\Images\Streak_60418_212524.fits" -s 500
DIMENSIONS=6248 x 4176
WARNING=Warning inexact scale! Set FOV=1.39d or scale=1.2"/pix or FL=649mm 
