PLTSOLVD=T
CRPIX1= 3.1245000000000000E+003
CRPIX2= 2.0885000000000000E+003
CRVAL1= 2.4452680914605995E+002
CRVAL2= 4.7867653658668289E+001
CDELT1= 3.3215431893819240E-004
CDELT2= 3.3199034570762214E-004
CROTA1=-9.6363718746094179E+001
CROTA2=-9.6360224624686708E+001
CD1_1=-3.6815861444222852E-005
CD1_2= 3.3010768536254076E-004
CD2_1=-3.2994696593874432E-004
CD2_2=-3.6777565320227165E-005
CMDLINE="C:\Program Files\astap\astap.exe"   -f "C:\skytrack\Images\Streak_54068_222843.fits" -s 500
DIMENSIONS=6248 x 4176
WARNING=Warning inexact scale! Set FOV=1.39d or scale=1.2"/pix or FL=649mm 
