PLTSOLVD=T
CRPIX1= 3.1245000000000000E+003
CRPIX2= 2.0885000000000000E+003
CRVAL1= 1.8303374180457934E+002
CRVAL2=-1.0061003964788352E+001
CDELT1= 3.3240642943565749E-004
CDELT2= 3.3267450773299820E-004
CROTA1=-9.6232643141807003E+001
CROTA2=-9.6330348388141076E+001
CD1_1=-3.6087948688458020E-005
CD1_2= 3.3044166548669668E-004
CD2_1=-3.3064608880636827E-004
CD2_2=-3.6680949448506606E-005
CMDLINE="C:\Program Files\astap\astap.exe"   -f "C:\skytrack\Images\Streak_48093_210724.fits" -s 500
DIMENSIONS=6248 x 4176
WARNING=Warning inexact scale! Set FOV=1.39d or scale=1.2"/pix or FL=648mm 
