PLTSOLVD=T
CRPIX1= 3.1245000000000000E+003
CRPIX2= 2.0885000000000000E+003
CRVAL1= 1.2283747209704092E+002
CRVAL2= 2.8713017042414958E+001
CDELT1= 3.3206983722205101E-004
CDELT2= 3.3200850263161315E-004
CROTA1= 8.3476914530851943E+001
CROTA2= 8.3479244751593271E+001
CD1_1= 3.7724306379999455E-005
CD1_2=-3.2992007138218704E-004
CD2_1= 3.2986066755413146E-004
CD2_2= 3.7703923143734111E-005
CMDLINE="C:\Program Files\astap\astap.exe"   -f "C:\skytrack\Images\Streak_59504_215041.fits" -s 500
DIMENSIONS=6248 x 4176
WARNING=Warning inexact scale! Set FOV=1.39d or scale=1.2"/pix or FL=649mm 
