PLTSOLVD=T
CRPIX1= 3.1245000000000000E+003
CRPIX2= 2.0885000000000000E+003
CRVAL1= 6.7948851003712051E+001
CRVAL2= 4.8673551161016370E+001
CDELT1= 3.3232646334105306E-004
CDELT2= 3.3209658573735428E-004
CROTA1= 8.3435330297497458E+001
CROTA2= 8.3473841948437496E+001
CD1_1= 3.7993085077394538E-005
CD1_2=-3.3014754841293939E-004
CD2_1= 3.2994462306529146E-004
CD2_2= 3.7745038994689495E-005
CMDLINE="C:\Program Files\astap\astap.exe"   -f "C:\skytrack\Images\Streak_48093_210401.fits" -s 500
DIMENSIONS=6248 x 4176
WARNING=Warning inexact scale! Set FOV=1.39d or scale=1.2"/pix or FL=649mm 
