PLTSOLVD=T
CRPIX1= 3.1245000000000000E+003
CRPIX2= 2.0885000000000000E+003
CRVAL1= 9.9197183529641933E+001
CRVAL2= 7.1836022053704838E+000
CDELT1= 3.3216065191144319E-004
CDELT2= 3.3212858889237204E-004
CROTA1= 8.3491956718378646E+001
CROTA2= 8.3500887565882920E+001
CD1_1= 3.7647982465721151E-005
CD1_2=-3.3002019346472681E-004
CD2_1= 3.2999420077843740E-004
CD2_2= 3.7592911728657546E-005
CMDLINE="C:\Program Files\astap\astap.exe"   -f "C:\skytrack\Images\Streak_50193_205709.fits" -s 500
DIMENSIONS=6248 x 4176
WARNING=Warning inexact scale! Set FOV=1.39d or scale=1.2"/pix or FL=649mm 
