PLTSOLVD=T
CRPIX1= 3.1245000000000000E+003
CRPIX2= 2.0885000000000000E+003
CRVAL1= 1.7406112404673104E+002
CRVAL2= 6.4810869380856573E+001
CDELT1= 3.3163955234177914E-004
CDELT2= 3.3214500011713346E-004
CROTA1=-9.6163675618525289E+001
CROTA2=-9.6236740167796100E+001
CD1_1=-3.5607827710369963E-005
CD1_2= 3.2972242156578354E-004
CD2_1=-3.3017920206485248E-004
CD2_2=-3.6083176504125755E-005
CMDLINE="C:\Program Files\astap\astap.exe"   -f "C:\skytrack\Images\Streak_41188_213512.fits" -s 500
DIMENSIONS=6248 x 4176
WARNING=Warning inexact scale! Set FOV=1.39d or scale=1.2"/pix or FL=649mm 
