PLTSOLVD=T
CRPIX1= 3.1245000000000000E+003
CRPIX2= 2.0885000000000000E+003
CRVAL1= 1.4542271488332102E+002
CRVAL2= 5.1458006745404056E+001
CDELT1= 3.3202429487517825E-004
CDELT2= 3.3197064219780845E-004
CROTA1= 8.3455692103041216E+001
CROTA2= 8.3449703154698653E+001
CD1_1= 3.7841316062259581E-005
CD1_2=-3.2986083002690015E-004
CD2_1= 3.2980357035273118E-004
CD2_2= 3.7869674725517109E-005
CMDLINE="C:\Program Files\astap\astap.exe"   -f "C:\skytrack\Images\Streak_40358_213356.fits" -s 500
DIMENSIONS=6248 x 4176
WARNING=Warning inexact scale! Set FOV=1.39d or scale=1.2"/pix or FL=649mm 
