PLTSOLVD=T
CRPIX1= 3.1245000000000000E+003
CRPIX2= 2.0885000000000000E+003
CRVAL1= 8.4610800026468780E+001
CRVAL2= 2.9446872656639420E+000
CDELT1= 3.3234395823929854E-004
CDELT2= 3.3225828062582698E-004
CROTA1= 8.3459295649451576E+001
CROTA2= 8.3522635951004688E+001
CD1_1= 3.7856982350986253E-005
CD1_2=-3.3018079209039665E-004
CD2_1= 3.3013731040380632E-004
CD2_2= 3.7482280130371473E-005
CMDLINE="C:\Program Files\astap\astap.exe"   -f "C:\skytrack\Images\Streak_47836_211240.fits" -s 500
DIMENSIONS=6248 x 4176
WARNING=Warning inexact scale! Set FOV=1.39d or scale=1.2"/pix or FL=648mm 
