PLTSOLVD=T
CRPIX1= 3.1245000000000000E+003
CRPIX2= 2.0885000000000000E+003
CRVAL1= 1.1063053872294893E+002
CRVAL2= 1.7048978386544487E+001
CDELT1= 3.3211746753241409E-004
CDELT2= 3.3203694505418743E-004
CROTA1= 8.3466621190251928E+001
CROTA2= 8.3488535487049020E+001
CD1_1= 3.7788996270314318E-005
CD1_2=-3.2996060977187304E-004
CD2_1= 3.2989503600227362E-004
CD2_2= 3.7653659874919016E-005
CMDLINE="C:\Program Files\astap\astap.exe"   -f "C:\skytrack\Images\Streak_63994_223009.fits" -s 500
DIMENSIONS=6248 x 4176
WARNING=Warning inexact scale! Set FOV=1.39d or scale=1.2"/pix or FL=649mm 
