PLTSOLVD=T
CRPIX1= 3.1245000000000000E+003
CRPIX2= 2.0885000000000000E+003
CRVAL1= 1.7521948479674751E+002
CRVAL2=-2.4785113318937109E+000
CDELT1= 3.3207710689126148E-004
CDELT2= 3.3212110288354267E-004
CROTA1=-9.6298360498083611E+001
CROTA2=-9.6306554084842702E+001
CD1_1=-3.6430807634688614E-005
CD1_2= 3.3007272104243121E-004
CD2_1=-3.3011123762328917E-004
CD2_2=-3.6482842205631774E-005
CMDLINE="C:\Program Files\astap\astap.exe"   -f "C:\skytrack\Images\Streak_52331_211447.fits" -s 500
DIMENSIONS=6248 x 4176
WARNING=Warning inexact scale! Set FOV=1.39d or scale=1.2"/pix or FL=649mm 
