PLTSOLVD=T
CRPIX1= 3.1245000000000000E+003
CRPIX2= 2.0885000000000000E+003
CRVAL1= 1.7783847441137499E+002
CRVAL2= 3.1609883143794182E+001
CDELT1= 3.3196707535863336E-004
CDELT2= 3.3187254210968216E-004
CROTA1=-9.6300345688042100E+001
CROTA2=-9.6296171413086640E+001
CD1_1=-3.6430169111526901E-005
CD1_2= 3.2996209161155178E-004
CD2_1=-3.2987078179865279E-004
CD2_2=-3.6395762416637791E-005
CMDLINE="C:\Program Files\astap\astap.exe"   -f "C:\skytrack\Images\Streak_65437_213101.fits" -s 500
DIMENSIONS=6248 x 4176
WARNING=Warning inexact scale! Set FOV=1.39d or scale=1.2"/pix or FL=649mm 
