PLTSOLVD=T
CRPIX1= 3.1245000000000000E+003
CRPIX2= 2.0885000000000000E+003
CRVAL1= 1.1516944924980577E+002
CRVAL2= 2.4547508797103642E+001
CDELT1= 3.3209832118462763E-004
CDELT2= 3.3201757409919341E-004
CROTA1= 8.3466139273175969E+001
CROTA2= 8.3481514158686153E+001
CD1_1= 3.7789592910646964E-005
CD1_2=-3.2994126992738518E-004
CD2_1= 3.2987117351905007E-004
CD2_2= 3.7691887613625302E-005
CMDLINE="C:\Program Files\astap\astap.exe"   -f "C:\skytrack\Images\Streak_51771_223556.fits" -s 500
DIMENSIONS=6248 x 4176
WARNING=Warning inexact scale! Set FOV=1.39d or scale=1.2"/pix or FL=649mm 
