PLTSOLVD=T
CRPIX1= 3.1245000000000000E+003
CRPIX2= 2.0885000000000000E+003
CRVAL1= 1.0013160704001609E+002
CRVAL2= 6.1418301406140678E+001
CDELT1= 3.3209432795771086E-004
CDELT2= 3.3198990554979122E-004
CROTA1= 8.3436785489287658E+001
CROTA2= 8.3441961546426114E+001
CD1_1= 3.7958167090374948E-005
CD1_2=-3.2991789920042651E-004
CD2_1= 3.2981758782789681E-004
CD2_2= 3.7916436361383626E-005
CMDLINE="C:\Program Files\astap\astap.exe"   -f "C:\skytrack\Images\Streak_57166_222017.fits" -s 500
DIMENSIONS=6248 x 4176
WARNING=Warning inexact scale! Set FOV=1.39d or scale=1.2"/pix or FL=649mm 
