PLTSOLVD=T
CRPIX1= 3.1245000000000000E+003
CRPIX2= 2.0885000000000000E+003
CRVAL1= 1.3666630552449772E+002
CRVAL2= 2.8490156917496716E+001
CDELT1= 3.3192835798824077E-004
CDELT2= 3.3190609288522515E-004
CROTA1= 8.3485417415552689E+001
CROTA2= 8.3478032861368717E+001
CD1_1= 3.7659293045815390E-005
CD1_2=-3.2978510045794841E-004
CD2_1= 3.2975812299727863E-004
CD2_2= 3.7699268051878240E-005
CMDLINE="C:\Program Files\astap\astap.exe"   -f "C:\skytrack\Images\Streak_55463_213919.fits" -s 500
DIMENSIONS=6248 x 4176
WARNING=Warning inexact scale! Set FOV=1.39d or scale=1.2"/pix or FL=649mm 
