PLTSOLVD=T
CRPIX1= 3.1245000000000000E+003
CRPIX2= 2.0885000000000000E+003
CRVAL1= 1.0223740050356025E+002
CRVAL2= 3.1931402913366352E+001
CDELT1= 3.3223267107666371E-004
CDELT2= 3.3208963312921760E-004
CROTA1= 8.3487978077737040E+001
CROTA2= 8.3505674789891216E+001
CD1_1= 3.7679066917082860E-005
CD1_2=-3.3008913288230590E-004
CD2_1= 3.2995863483392874E-004
CD2_2= 3.7560933567051036E-005
CMDLINE="C:\Program Files\astap\astap.exe"   -f "C:\skytrack\Images\Streak_42954_212150.fits" -s 500
DIMENSIONS=6248 x 4176
WARNING=Warning inexact scale! Set FOV=1.39d or scale=1.2"/pix or FL=649mm 
