PLTSOLVD=T
CRPIX1= 3.1245000000000000E+003
CRPIX2= 2.0885000000000000E+003
CRVAL1= 1.6882097448328645E+002
CRVAL2= 1.0650435886655821E+001
CDELT1= 3.3210373241279376E-004
CDELT2= 3.3203387811934815E-004
CROTA1=-9.6287421785291144E+001
CROTA2=-9.6302365978867059E+001
CD1_1=-3.6370706547969734E-005
CD1_2= 3.3010613564081172E-004
CD2_1=-3.3002720588529144E-004
CD2_2=-3.6449137088847289E-005
CMDLINE="C:\Program Files\astap\astap.exe"   -f "C:\skytrack\Images\Streak_52334_210846.fits" -s 500
DIMENSIONS=6248 x 4176
WARNING=Warning inexact scale! Set FOV=1.39d or scale=1.2"/pix or FL=649mm 
