PLTSOLVD=T
CRPIX1= 3.1245000000000000E+003
CRPIX2= 2.0885000000000000E+003
CRVAL1= 1.0811545872957204E+002
CRVAL2= 4.3636598044970178E+001
CDELT1= 3.3202557930329631E-004
CDELT2= 3.3200247516003575E-004
CROTA1= 8.3488894111561365E+001
CROTA2= 8.3487708817156630E+001
CD1_1= 3.7650306173844131E-005
CD1_2=-3.2988397923619343E-004
CD2_1= 3.2986024521791142E-004
CD2_2= 3.7654510183635229E-005
CMDLINE="C:\Program Files\astap\astap.exe"   -f "C:\skytrack\Images\Streak_52334_210716.fits" -s 500
DIMENSIONS=6248 x 4176
WARNING=Warning inexact scale! Set FOV=1.39d or scale=1.2"/pix or FL=649mm 
