PLTSOLVD=T
CRPIX1= 3.1245000000000000E+003
CRPIX2= 2.0885000000000000E+003
CRVAL1= 6.8455558750313344E+001
CRVAL2= 4.8042914701689512E+001
CDELT1= 3.3224464847534714E-004
CDELT2= 3.3210087943281677E-004
CROTA1= 8.3445963097548869E+001
CROTA2= 8.3494022615180839E+001
CD1_1= 3.7922478142923943E-005
CD1_2=-3.3007331320784850E-004
CD2_1= 3.2996216316597872E-004
CD2_2= 3.7629310369422988E-005
CMDLINE="C:\Program Files\astap\astap.exe"   -f "C:\skytrack\Images\Streak_59397_215721.fits" -s 500
DIMENSIONS=6248 x 4176
WARNING=Warning inexact scale! Set FOV=1.39d or scale=1.2"/pix or FL=649mm 
