PLTSOLVD=T
CRPIX1= 3.1245000000000000E+003
CRPIX2= 2.0885000000000000E+003
CRVAL1= 1.4091983725807964E+002
CRVAL2= 2.4495603452639738E+001
CDELT1= 3.3202218593753893E-004
CDELT2= 3.3200871630906443E-004
CROTA1= 8.3493712846300809E+001
CROTA2= 8.3481446853537477E+001
CD1_1= 3.7622177368813809E-005
CD1_2=-3.2988377305464899E-004
CD2_1= 3.2986232871647932E-004
CD2_2= 3.7691269532003936E-005
CMDLINE="C:\Program Files\astap\astap.exe"   -f "C:\skytrack\Images\Streak_52331_211330.fits" -s 500
DIMENSIONS=6248 x 4176
WARNING=Warning inexact scale! Set FOV=1.39d or scale=1.2"/pix or FL=649mm 
