PLTSOLVD=T
CRPIX1= 3.1245000000000000E+003
CRPIX2= 2.0885000000000000E+003
CRVAL1= 9.0718803541771990E+001
CRVAL2= 2.0012490696516256E+001
CDELT1= 3.3212123838098466E-004
CDELT2= 3.3204798915607170E-004
CROTA1= 8.3472680722666254E+001
CROTA2= 8.3497589702470009E+001
CD1_1= 3.7754528482181429E-005
CD1_2=-3.2996835085020960E-004
CD2_1= 3.2991195519172103E-004
CD2_2= 3.7602778144261432E-005
CMDLINE="C:\Program Files\astap\astap.exe"   -f "C:\skytrack\Images\Streak_51128_212642.fits" -s 500
DIMENSIONS=6248 x 4176
WARNING=Warning inexact scale! Set FOV=1.39d or scale=1.2"/pix or FL=649mm 
