PLTSOLVD=T
CRPIX1= 3.1245000000000000E+003
CRPIX2= 2.0885000000000000E+003
CRVAL1= 1.2872526912709830E+002
CRVAL2= 3.1141452834031028E+001
CDELT1= 3.3210224987365798E-004
CDELT2= 3.3203922461590022E-004
CROTA1= 8.3450672036848999E+001
CROTA2= 8.3470082092462505E+001
CD1_1= 3.7879108664865593E-005
CD1_2=-3.2993495949641482E-004
CD2_1= 3.2988515645753581E-004
CD2_2= 3.7760167273402728E-005
CMDLINE="C:\Program Files\astap\astap.exe"   -f "C:\skytrack\Images\Streak_54062_224836.fits" -s 500
DIMENSIONS=6248 x 4176
WARNING=Warning inexact scale! Set FOV=1.39d or scale=1.2"/pix or FL=649mm 
