PLTSOLVD=T
CRPIX1= 3.1245000000000000E+003
CRPIX2= 2.0885000000000000E+003
CRVAL1= 1.2288328644314946E+002
CRVAL2= 3.1357301436644519E+001
CDELT1= 3.3201874082131765E-004
CDELT2= 3.3198847808418787E-004
CROTA1= 8.3477826345453479E+001
CROTA2= 8.3484735398582998E+001
CD1_1= 3.7713252048418869E-005
CD1_2=-3.2986990598796027E-004
CD2_1= 3.2984438397937849E-004
CD2_2= 3.7670040322776466E-005
CMDLINE="C:\Program Files\astap\astap.exe"   -f "C:\skytrack\Images\Streak_57973_213731.fits" -s 500
DIMENSIONS=6248 x 4176
WARNING=Warning inexact scale! Set FOV=1.39d or scale=1.2"/pix or FL=649mm 
