PLTSOLVD=T
CRPIX1= 3.1245000000000000E+003
CRPIX2= 2.0885000000000000E+003
CRVAL1= 2.2335005171403208E+002
CRVAL2= 3.2068824916451604E+001
CDELT1= 3.3207953157112944E-004
CDELT2= 3.3200082468331702E-004
CROTA1=-9.6321421254248818E+001
CROTA2=-9.6360439645209595E+001
CD1_1=-3.6563921341723985E-005
CD1_2= 3.3006044135069711E-004
CD2_1=-3.2995724239088197E-004
CD2_2=-3.6779964439995871E-005
CMDLINE="C:\Program Files\astap\astap.exe"   -f "C:\skytrack\Images\Streak_53923_211348.fits" -s 500
DIMENSIONS=6248 x 4176
WARNING=Warning inexact scale! Set FOV=1.39d or scale=1.2"/pix or FL=649mm 
