PLTSOLVD=T
CRPIX1= 3.1245000000000000E+003
CRPIX2= 2.0885000000000000E+003
CRVAL1= 1.1779215690547704E+002
CRVAL2= 6.1116309810572602E+000
CDELT1= 3.3215627582797175E-004
CDELT2= 3.3224480731956069E-004
CROTA1= 8.3510731850528444E+001
CROTA2= 8.3474414215956457E+001
CD1_1= 3.7539342258630922E-005
CD1_2=-3.3002816448705858E-004
CD2_1= 3.3009226132945063E-004
CD2_2= 3.7758588443183151E-005
CMDLINE="C:\Program Files\astap\astap.exe"   -f "C:\skytrack\Images\Streak_42954_212056.fits" -s 500
DIMENSIONS=6248 x 4176
WARNING=Warning inexact scale! Set FOV=1.39d or scale=1.2"/pix or FL=648mm 
