PLTSOLVD=T
CRPIX1= 3.1245000000000000E+003
CRPIX2= 2.0885000000000000E+003
CRVAL1= 1.1432274785002660E+002
CRVAL2= 1.9271161764179674E+001
CDELT1= 3.3206607928211045E-004
CDELT2= 3.3203698859263393E-004
CROTA1= 8.3465443414622612E+001
CROTA2= 8.3486197360338153E+001
CD1_1= 3.7789930844881095E-005
CD1_2=-3.2990877850783530E-004
CD2_1= 3.2989354241406705E-004
CD2_2= 3.7667127142417265E-005
CMDLINE="C:\Program Files\astap\astap.exe"   -f "C:\skytrack\Images\Streak_63994_223022.fits" -s 500
DIMENSIONS=6248 x 4176
WARNING=Warning inexact scale! Set FOV=1.39d or scale=1.2"/pix or FL=649mm 
