PLTSOLVD=T
CRPIX1= 3.1245000000000000E+003
CRPIX2= 2.0885000000000000E+003
CRVAL1= 4.5952336308531727E+001
CRVAL2= 5.7526321848016075E+001
CDELT1= 3.3234735935543862E-004
CDELT2= 3.3217348875173500E-004
CROTA1= 8.3371457199331701E+001
CROTA2= 8.3397019735866124E+001
CD1_1= 3.8363520583865991E-005
CD1_2=-3.3012574507139598E-004
CD2_1= 3.2997011083340844E-004
CD2_2= 3.8196237852531309E-005
CMDLINE="C:\Program Files\astap\astap.exe"   -f "C:\skytrack\Images\Streak_48140_212523.fits" -s 500
DIMENSIONS=6248 x 4176
WARNING=Warning inexact scale! Set FOV=1.39d or scale=1.2"/pix or FL=649mm 
