PLTSOLVD=T
CRPIX1= 3.1245000000000000E+003
CRPIX2= 2.0885000000000000E+003
CRVAL1= 9.2926744017983523E+001
CRVAL2= 5.3811988367358055E+001
CDELT1= 3.3199584140061077E-004
CDELT2= 3.3185205923907122E-004
CROTA1= 8.3464923762167132E+001
CROTA2= 8.3472846003941541E+001
CD1_1= 3.7784929123909567E-005
CD1_2=-3.2983865425143948E-004
CD2_1= 3.2970102541137765E-004
CD2_2= 3.7722977929879202E-005
CMDLINE="C:\Program Files\astap\astap.exe"   -f "C:\skytrack\Images\Streak_58932_212210.fits" -s 500
DIMENSIONS=6248 x 4176
WARNING=Warning inexact scale! Set FOV=1.39d or scale=1.2"/pix or FL=649mm 
