PLTSOLVD=T
CRPIX1= 3.1245000000000000E+003
CRPIX2= 2.0885000000000000E+003
CRVAL1= 1.3503780303499593E+002
CRVAL2= 4.1101971015595957E+001
CDELT1= 3.3204520209722155E-004
CDELT2= 3.3196519044366077E-004
CROTA1= 8.3454022244970062E+001
CROTA2= 8.3444608742094161E+001
CD1_1= 3.7853313115593063E-005
CD1_2=-3.2988049794123567E-004
CD2_1= 3.2979478578413910E-004
CD2_2= 3.7898376428150270E-005
CMDLINE="C:\Program Files\astap\astap.exe"   -f "C:\skytrack\Images\Streak_57166_221907.fits" -s 500
DIMENSIONS=6248 x 4176
WARNING=Warning inexact scale! Set FOV=1.39d or scale=1.2"/pix or FL=649mm 
