PLTSOLVD=T
CRPIX1= 3.1245000000000000E+003
CRPIX2= 2.0885000000000000E+003
CRVAL1= 1.3072252448733994E+002
CRVAL2= 2.9934672300174043E+001
CDELT1= 3.3204748142256373E-004
CDELT2= 3.3198392461596105E-004
CROTA1= 8.3487867438945486E+001
CROTA2= 8.3496988536250981E+001
CD1_1= 3.7658701296878748E-005
CD1_2=-3.2990506533804576E-004
CD2_1= 3.2984790829007713E-004
CD2_2= 3.7598984029851182E-005
CMDLINE="C:\Program Files\astap\astap.exe"   -f "C:\skytrack\Images\Streak_52331_211316.fits" -s 500
DIMENSIONS=6248 x 4176
WARNING=Warning inexact scale! Set FOV=1.39d or scale=1.2"/pix or FL=649mm 
