PLTSOLVD=T
CRPIX1= 3.1245000000000000E+003
CRPIX2= 2.0885000000000000E+003
CRVAL1= 2.0168149129300431E+002
CRVAL2= 5.3641638160532231E+001
CDELT1= 3.3216540819482889E-004
CDELT2= 3.3197017079397077E-004
CROTA1=-9.6266209731279559E+001
CROTA2=-9.6245322720874682E+001
CD1_1=-3.6255223898630773E-005
CD1_2= 3.3018088548748164E-004
CD2_1=-3.3000000157412982E-004
CD2_2=-3.6113615964791629E-005
CMDLINE="C:\Program Files\astap\astap.exe"   -f "C:\skytrack\Images\Streak_51137_210126.fits" -s 500
DIMENSIONS=6248 x 4176
WARNING=Warning inexact scale! Set FOV=1.39d or scale=1.2"/pix or FL=649mm 
