PLTSOLVD=T
CRPIX1= 3.1245000000000000E+003
CRPIX2= 2.0885000000000000E+003
CRVAL1= 1.1045045255579936E+002
CRVAL2= 5.4592381966228963E+001
CDELT1= 3.3206242951695374E-004
CDELT2= 3.3196815624660016E-004
CROTA1= 8.3464315065759436E+001
CROTA2= 8.3458650534436231E+001
CD1_1= 3.7796012440408169E-005
CD1_2=-3.2990440818562333E-004
CD2_1= 3.2980701033914658E-004
CD2_2= 3.7817888530710211E-005
CMDLINE="C:\Program Files\astap\astap.exe"   -f "C:\skytrack\Images\Streak_49445_213842.fits" -s 500
DIMENSIONS=6248 x 4176
WARNING=Warning inexact scale! Set FOV=1.39d or scale=1.2"/pix or FL=649mm 
