PLTSOLVD=T
CRPIX1= 3.1245000000000000E+003
CRPIX2= 2.0885000000000000E+003
CRVAL1= 7.2771645281104838E+001
CRVAL2= 5.3204391903453875E+001
CDELT1= 3.3219606659306124E-004
CDELT2= 3.3201715396584787E-004
CROTA1= 8.3443549032764381E+001
CROTA2= 8.3445479514004532E+001
CD1_1= 3.7930838032815395E-005
CD1_2=-3.3002345096376089E-004
CD2_1= 3.2984698559168375E-004
CD2_2= 3.7899295820121692E-005
CMDLINE="C:\Program Files\astap\astap.exe"   -f "C:\skytrack\Images\Streak_49436_205535.fits" -s 500
DIMENSIONS=6248 x 4176
WARNING=Warning inexact scale! Set FOV=1.39d or scale=1.2"/pix or FL=649mm 
