PLTSOLVD=T
CRPIX1= 3.1245000000000000E+003
CRPIX2= 2.0885000000000000E+003
CRVAL1= 1.4594279701052992E+002
CRVAL2= 1.7576553534680833E+001
CDELT1= 3.3202075685055405E-004
CDELT2= 3.3202812404035747E-004
CROTA1= 8.3444635710139849E+001
CROTA2= 8.3473908172912317E+001
CD1_1= 3.7904564840904696E-005
CD1_2=-3.2985000673614725E-004
CD2_1= 3.2987664861313585E-004
CD2_2= 3.7736876573515182E-005
CMDLINE="C:\Program Files\astap\astap.exe"   -f "C:\skytrack\Images\Streak_54068_222633.fits" -s 500
DIMENSIONS=6248 x 4176
WARNING=Warning inexact scale! Set FOV=1.39d or scale=1.2"/pix or FL=649mm 
