PLTSOLVD=T
CRPIX1= 3.1245000000000000E+003
CRPIX2= 2.0885000000000000E+003
CRVAL1= 9.5890954592295103E+001
CRVAL2= 6.0035479469415776E+001
CDELT1= 3.3209754713341128E-004
CDELT2= 3.3193685722966048E-004
CROTA1= 8.3441576429318161E+001
CROTA2= 8.3451926697123170E+001
CD1_1= 3.7930947671396967E-005
CD1_2=-3.2992427012994673E-004
CD2_1= 3.2977147518315104E-004
CD2_2= 3.7853022904814430E-005
CMDLINE="C:\Program Files\astap\astap.exe"   -f "C:\skytrack\Images\Streak_59397_215813.fits" -s 500
DIMENSIONS=6248 x 4176
WARNING=Warning inexact scale! Set FOV=1.39d or scale=1.2"/pix or FL=649mm 
