PLTSOLVD=T
CRPIX1= 3.1245000000000000E+003
CRPIX2= 2.0885000000000000E+003
CRVAL1= 3.4780826096398482E+002
CRVAL2= 7.7383640836601757E+001
CDELT1= 3.3202000001017479E-004
CDELT2= 3.3224754880577343E-004
CROTA1= 8.3034336571775754E+001
CROTA2= 8.3017608726093371E+001
CD1_1= 4.0265560259458118E-005
CD1_2=-3.2956936305389249E-004
CD2_1= 3.2978345443018949E-004
CD2_2= 4.0389440099311902E-005
CMDLINE="C:\Program Files\astap\astap.exe"   -f "C:\skytrack\Images\Streak_43071_220132.fits" -s 500
DIMENSIONS=6248 x 4176
WARNING=Warning inexact scale! Set FOV=1.39d or scale=1.2"/pix or FL=648mm 
