PLTSOLVD=T
CRPIX1= 3.1245000000000000E+003
CRPIX2= 2.0885000000000000E+003
CRVAL1= 2.6765269287475263E+002
CRVAL2= 5.8486518402046755E+001
CDELT1= 3.3220002427205160E-004
CDELT2= 3.3204455239075741E-004
CROTA1=-9.6344657815793937E+001
CROTA2=-9.6351708721944036E+001
CD1_1=-3.6711091357795089E-005
CD1_2= 3.3016534024284149E-004
CD2_1=-3.3000630250006654E-004
CD2_2=-3.6734521673938156E-005
CMDLINE="C:\Program Files\astap\astap.exe"   -f "C:\skytrack\Images\Streak_54062_225100.fits" -s 500
DIMENSIONS=6248 x 4176
WARNING=Warning inexact scale! Set FOV=1.39d or scale=1.2"/pix or FL=649mm 
