PLTSOLVD=T
CRPIX1= 3.1245000000000000E+003
CRPIX2= 2.0885000000000000E+003
CRVAL1= 8.2787361859150053E+001
CRVAL2= 4.9472711494584601E+001
CDELT1= 3.3223738846917212E-004
CDELT2= 3.3218345991266579E-004
CROTA1= 8.3469019998862478E+001
CROTA2= 8.3447919065353162E+001
CD1_1= 3.7788821598842052E-005
CD1_2=-3.3008133430866167E-004
CD2_1= 3.3001381870368117E-004
CD2_2= 3.7904228051280769E-005
CMDLINE="C:\Program Files\astap\astap.exe"   -f "C:\skytrack\Images\Streak_42954_212230.fits" -s 500
DIMENSIONS=6248 x 4176
WARNING=Warning inexact scale! Set FOV=1.39d or scale=1.2"/pix or FL=649mm 
