PLTSOLVD=T
CRPIX1= 3.1245000000000000E+003
CRPIX2= 2.0885000000000000E+003
CRVAL1= 1.9355003180545009E+002
CRVAL2=-1.1817224939540695E+001
CDELT1= 3.3219574415960289E-004
CDELT2= 3.3228217791330197E-004
CROTA1=-9.6285391023346165E+001
CROTA2=-9.6355667419213475E+001
CD1_1=-3.6369079940492225E-005
CD1_2= 3.3019888319319683E-004
CD2_1=-3.3023992868509955E-004
CD2_2=-3.6783627619738912E-005
CMDLINE="C:\Program Files\astap\astap.exe"   -f "C:\skytrack\Images\Streak_60418_212912.fits" -s 500
DIMENSIONS=6248 x 4176
WARNING=Warning inexact scale! Set FOV=1.39d or scale=1.2"/pix or FL=648mm 
