PLTSOLVD=T
CRPIX1= 3.1245000000000000E+003
CRPIX2= 2.0885000000000000E+003
CRVAL1= 1.5612611741288637E+002
CRVAL2=-1.7978338644418585E+001
CDELT1= 3.3195413826181148E-004
CDELT2= 3.3219158038283822E-004
CROTA1=-9.6289540503292585E+001
CROTA2=-9.6285006442678792E+001
CD1_1=-3.6366524920575774E-005
CD1_2= 3.2995609673764633E-004
CD2_1=-3.3019498855129954E-004
CD2_2=-3.6366407752963891E-005
CMDLINE="C:\Program Files\astap\astap.exe"   -f "C:\skytrack\Images\Streak_65437_213251.fits" -s 500
DIMENSIONS=6248 x 4176
WARNING=Warning inexact scale! Set FOV=1.39d or scale=1.2"/pix or FL=649mm 
