PLTSOLVD=T
CRPIX1= 3.1245000000000000E+003
CRPIX2= 2.0885000000000000E+003
CRVAL1= 1.1265892900056589E+002
CRVAL2= 2.8363885791414852E+001
CDELT1= 3.3203226433377000E-004
CDELT2= 3.3194382739540411E-004
CROTA1= 8.3476114917257377E+001
CROTA2= 8.3496736106361325E+001
CD1_1= 3.7724641770755977E-005
CD1_2=-3.2988221528581780E-004
CD2_1= 3.2980790342460557E-004
CD2_2= 3.7595895847497714E-005
CMDLINE="C:\Program Files\astap\astap.exe"   -f "C:\skytrack\Images\Streak_57973_213716.fits" -s 500
DIMENSIONS=6248 x 4176
WARNING=Warning inexact scale! Set FOV=1.39d or scale=1.2"/pix or FL=649mm 
