PLTSOLVD=T
CRPIX1= 3.1245000000000000E+003
CRPIX2= 2.0885000000000000E+003
CRVAL1= 7.4593563413738337E+001
CRVAL2= 4.1145003088218019E+001
CDELT1= 3.3217205914200796E-004
CDELT2= 3.3201973345656308E-004
CROTA1= 8.3452621846323950E+001
CROTA2= 8.3486297532958716E+001
CD1_1= 3.7875840745278585E-005
CD1_2=-3.3000560231983926E-004
CD2_1= 3.2987646451865628E-004
CD2_2= 3.7664592938712537E-005
CMDLINE="C:\Program Files\astap\astap.exe"   -f "C:\skytrack\Images\Streak_44768_211705.fits" -s 500
DIMENSIONS=6248 x 4176
WARNING=Warning inexact scale! Set FOV=1.39d or scale=1.2"/pix or FL=649mm 
