PLTSOLVD=T
CRPIX1= 3.1245000000000000E+003
CRPIX2= 2.0885000000000000E+003
CRVAL1= 1.2774890971793882E+002
CRVAL2= 5.1613909652432790E+000
CDELT1= 3.3202044425720441E-004
CDELT2= 3.3205200946179034E-004
CROTA1= 8.3475415404525279E+001
CROTA2= 8.3491360954476249E+001
CD1_1= 3.7727326124332400E-005
CD1_2=-3.2987001116842926E-004
CD2_1= 3.2991185975690760E-004
CD2_2= 3.7639099077308556E-005
CMDLINE="C:\Program Files\astap\astap.exe"   -f "C:\skytrack\Images\Streak_40358_213147.fits" -s 500
DIMENSIONS=6248 x 4176
WARNING=Warning inexact scale! Set FOV=1.39d or scale=1.2"/pix or FL=649mm 
