PLTSOLVD=T
CRPIX1= 3.1245000000000000E+003
CRPIX2= 2.0885000000000000E+003
CRVAL1= 2.2090778551514248E+002
CRVAL2= 4.4155925442806932E+001
CDELT1= 3.3227626233959373E-004
CDELT2= 3.3242815703152928E-004
CROTA1=-9.6294252263035787E+001
CROTA2=-9.6333609943212608E+001
CD1_1=-3.6428974919349641E-005
CD1_2= 3.3027328729507620E-004
CD2_1=-3.3039915313346011E-004
CD2_2=-3.6672594618753904E-005
CMDLINE="C:\Program Files\astap\astap.exe"   -f "C:\skytrack\Images\Streak_50193_210019.fits" -s 500
DIMENSIONS=6248 x 4176
WARNING=Warning inexact scale! Set FOV=1.39d or scale=1.2"/pix or FL=648mm 
