PLTSOLVD=T
CRPIX1= 3.1245000000000000E+003
CRPIX2= 2.0885000000000000E+003
CRVAL1= 7.8516921739140301E+001
CRVAL2= 3.7760368252706357E+001
CDELT1= 3.3230319067094219E-004
CDELT2= 3.3210867379106294E-004
CROTA1= 8.3443915537219368E+001
CROTA2= 8.3530883917325738E+001
CD1_1= 3.7940957937236424E-005
CD1_2=-3.3013011713700613E-004
CD2_1= 3.2999404846581205E-004
CD2_2= 3.7417899251587336E-005
CMDLINE="C:\Program Files\astap\astap.exe"   -f "C:\skytrack\Images\Streak_65474_222246.fits" -s 500
DIMENSIONS=6248 x 4176
WARNING=Warning inexact scale! Set FOV=1.39d or scale=1.2"/pix or FL=649mm 
