PLTSOLVD=T
CRPIX1= 3.1245000000000000E+003
CRPIX2= 2.0885000000000000E+003
CRVAL1= 9.2316516061554111E+001
CRVAL2= 1.2147388553669778E+001
CDELT1= 3.3230241143554165E-004
CDELT2= 3.3216771078642729E-004
CROTA1= 8.3442484255014179E+001
CROTA2= 8.3531372207232423E+001
CD1_1= 3.7949115780406128E-005
CD1_2=-3.3012839510917770E-004
CD2_1= 3.3005302848674776E-004
CD2_2= 3.7421738011771893E-005
CMDLINE="C:\Program Files\astap\astap.exe"   -f "C:\skytrack\Images\Streak_59504_214913.fits" -s 500
DIMENSIONS=6248 x 4176
WARNING=Warning inexact scale! Set FOV=1.39d or scale=1.2"/pix or FL=649mm 
