PLTSOLVD=T
CRPIX1= 3.1245000000000000E+003
CRPIX2= 2.0885000000000000E+003
CRVAL1= 1.7642662398973104E+002
CRVAL2= 2.0475894883855911E+001
CDELT1= 3.3201569424723025E-004
CDELT2= 3.3199293428127320E-004
CROTA1=-9.6304333518383771E+001
CROTA2=-9.6301446988258760E+001
CD1_1=-3.6458473454015612E-005
CD1_2= 3.3000788011784373E-004
CD2_1=-3.2998709400263105E-004
CD2_2=-3.6439349670219044E-005
CMDLINE="C:\Program Files\astap\astap.exe"   -f "C:\skytrack\Images\Streak_53923_211220.fits" -s 500
DIMENSIONS=6248 x 4176
WARNING=Warning inexact scale! Set FOV=1.39d or scale=1.2"/pix or FL=649mm 
