PLTSOLVD=T
CRPIX1= 3.1245000000000000E+003
CRPIX2= 2.0885000000000000E+003
CRVAL1= 8.7543311313426770E+001
CRVAL2= 7.2839364328256186E+000
CDELT1= 3.3226568896526108E-004
CDELT2= 3.3222311823075221E-004
CROTA1= 8.3444064035154838E+001
CROTA2= 8.3524101620751111E+001
CD1_1= 3.7935820625265632E-005
CD1_2=-3.3009295899344372E-004
CD2_1= 3.3010333108366775E-004
CD2_2= 3.7469869154172492E-005
CMDLINE="C:\Program Files\astap\astap.exe"   -f "C:\skytrack\Images\Streak_51128_212555.fits" -s 500
DIMENSIONS=6248 x 4176
WARNING=Warning inexact scale! Set FOV=1.39d or scale=1.2"/pix or FL=648mm 
