PLTSOLVD=T
CRPIX1= 3.1245000000000000E+003
CRPIX2= 2.0885000000000000E+003
CRVAL1= 9.1028453998501419E+001
CRVAL2= 1.3088910873345247E+001
CDELT1= 3.3203667709448965E-004
CDELT2= 3.3197289699140226E-004
CROTA1= 8.3475041739787656E+001
CROTA2= 8.3506236425959486E+001
CD1_1= 3.7731322064981165E-005
CD1_2=-3.2988589280413171E-004
CD2_1= 3.2984301582654008E-004
CD2_2= 3.7544496897907910E-005
CMDLINE="C:\Program Files\astap\astap.exe"   -f "C:\skytrack\Images\Streak_62895_212453.fits" -s 500
DIMENSIONS=6248 x 4176
WARNING=Warning inexact scale! Set FOV=1.39d or scale=1.2"/pix or FL=649mm 
