PLTSOLVD=T
CRPIX1= 3.1245000000000000E+003
CRPIX2= 2.0885000000000000E+003
CRVAL1= 1.7979467382910579E+002
CRVAL2=-6.1659263032861622E+000
CDELT1= 3.3237235244802372E-004
CDELT2= 3.3259526610743631E-004
CROTA1=-9.6256907677900301E+001
CROTA2=-9.6285415239537613E+001
CD1_1=-3.6224172247890861E-005
CD1_2= 3.3039247875335851E-004
CD2_1=-3.3059598818570686E-004
CD2_2=-3.6412959679107954E-005
CMDLINE="C:\Program Files\astap\astap.exe"   -f "C:\skytrack\Images\Streak_48093_210700.fits" -s 500
DIMENSIONS=6248 x 4176
WARNING=Warning inexact scale! Set FOV=1.39d or scale=1.2"/pix or FL=648mm 
