PLTSOLVD=T
CRPIX1= 3.1245000000000000E+003
CRPIX2= 2.0885000000000000E+003
CRVAL1= 1.8647529771017486E+002
CRVAL2= 5.2180808328362271E+000
CDELT1= 3.3209160162889093E-004
CDELT2= 3.3210833951119624E-004
CROTA1=-9.6291620940162048E+001
CROTA2=-9.6334383328880918E+001
CD1_1=-3.6393570224809633E-005
CD1_2= 3.3009141145860468E-004
CD2_1=-3.3008079308176645E-004
CD2_2=-3.6641768671777857E-005
CMDLINE="C:\Program Files\astap\astap.exe"   -f "C:\skytrack\Images\Streak_49436_205823.fits" -s 500
DIMENSIONS=6248 x 4176
WARNING=Warning inexact scale! Set FOV=1.39d or scale=1.2"/pix or FL=649mm 
