PLTSOLVD=T
CRPIX1= 3.1245000000000000E+003
CRPIX2= 2.0885000000000000E+003
CRVAL1= 1.0440725819735056E+002
CRVAL2= 1.7917283267481100E+001
CDELT1= 3.3216315675705678E-004
CDELT2= 3.3206152644635545E-004
CROTA1= 8.3453529369513006E+001
CROTA2= 8.3508172989598307E+001
CD1_1= 3.7869598741196291E-005
CD1_2=-3.2999735786517120E-004
CD2_1= 3.2993234578235258E-004
CD2_2= 3.7543368954287359E-005
CMDLINE="C:\Program Files\astap\astap.exe"   -f "C:\skytrack\Images\Streak_58354_223245.fits" -s 500
DIMENSIONS=6248 x 4176
WARNING=Warning inexact scale! Set FOV=1.39d or scale=1.2"/pix or FL=649mm 
