PLTSOLVD=T
CRPIX1= 3.1245000000000000E+003
CRPIX2= 2.0885000000000000E+003
CRVAL1= 8.2009495558774020E+001
CRVAL2= 4.1990505891558222E+001
CDELT1= 3.3210140429493001E-004
CDELT2= 3.3199581949628167E-004
CROTA1= 8.3462768576090085E+001
CROTA2= 8.3481763267178252E+001
CD1_1= 3.7809354220184898E-005
CD1_2=-3.2994210926784890E-004
CD2_1= 3.2984972341510381E-004
CD2_2= 3.7687983840836490E-005
CMDLINE="C:\Program Files\astap\astap.exe"   -f "C:\skytrack\Images\Streak_44768_211717.fits" -s 500
DIMENSIONS=6248 x 4176
WARNING=Warning inexact scale! Set FOV=1.39d or scale=1.2"/pix or FL=649mm 
