PLTSOLVD=T
CRPIX1= 3.1245000000000000E+003
CRPIX2= 2.0885000000000000E+003
CRVAL1= 8.4048059582962736E+001
CRVAL2= 1.7575273914052072E+001
CDELT1= 3.3223805469204159E-004
CDELT2= 3.3211778120746899E-004
CROTA1= 8.3469091566038259E+001
CROTA2= 8.3521046779242951E+001
CD1_1= 3.7788485075522662E-005
CD1_2=-3.3008204340928489E-004
CD2_1= 3.2999666855694791E-004
CD2_2= 3.7475583190766969E-005
CMDLINE="C:\Program Files\astap\astap.exe"   -f "C:\skytrack\Images\Streak_39012_210847.fits" -s 500
DIMENSIONS=6248 x 4176
WARNING=Warning inexact scale! Set FOV=1.39d or scale=1.2"/pix or FL=649mm 
