PLTSOLVD=T
CRPIX1= 3.1245000000000000E+003
CRPIX2= 2.0885000000000000E+003
CRVAL1= 1.5957374688326831E+002
CRVAL2=-4.7927534128831084E+000
CDELT1= 3.3207842873017308E-004
CDELT2= 3.3208372201104562E-004
CROTA1= 8.3440593490575594E+001
CROTA2= 8.3448338132495877E+001
CD1_1= 3.7934423728564687E-005
CD1_2=-3.2990462610318509E-004
CD2_1= 3.2991500937894805E-004
CD2_2= 3.7890434296773082E-005
CMDLINE="C:\Program Files\astap\astap.exe"   -f "C:\skytrack\Images\Streak_57166_221705.fits" -s 500
DIMENSIONS=6248 x 4176
WARNING=Warning inexact scale! Set FOV=1.39d or scale=1.2"/pix or FL=649mm 
