PLTSOLVD=T
CRPIX1= 3.1245000000000000E+003
CRPIX2= 2.0885000000000000E+003
CRVAL1= 2.1162836658036269E+002
CRVAL2= 2.2494434230441072E+001
CDELT1= 3.3211785029897402E-004
CDELT2= 3.3212055500884247E-004
CROTA1=-9.6335646753685666E+001
CROTA2=-9.6349539960522833E+001
CD1_1=-3.6650096789895451E-005
CD1_2= 3.3008943771726927E-004
CD2_1=-3.3008322913528822E-004
CD2_2=-3.6730435649504429E-005
CMDLINE="C:\Program Files\astap\astap.exe"   -f "C:\skytrack\Images\Streak_59486_212036.fits" -s 500
DIMENSIONS=6248 x 4176
WARNING=Warning inexact scale! Set FOV=1.39d or scale=1.2"/pix or FL=649mm 
