PLTSOLVD=T
CRPIX1= 3.1245000000000000E+003
CRPIX2= 2.0885000000000000E+003
CRVAL1= 1.6678879651095531E+002
CRVAL2= 1.5459389549130965E+001
CDELT1= 3.3199178307782639E-004
CDELT2= 3.3191921670048581E-004
CROTA1=-9.6304134912714900E+001
CROTA2=-9.6287013272224883E+001
CD1_1=-3.6454703949054525E-005
CD1_2= 3.2998423991333482E-004
CD2_1=-3.2992298895349154E-004
CD2_2=-3.6348146789875751E-005
CMDLINE="C:\Program Files\astap\astap.exe"   -f "C:\skytrack\Images\Streak_53923_211205.fits" -s 500
DIMENSIONS=6248 x 4176
WARNING=Warning inexact scale! Set FOV=1.39d or scale=1.2"/pix or FL=649mm 
