PLTSOLVD=T
CRPIX1= 3.1245000000000000E+003
CRPIX2= 2.0885000000000000E+003
CRVAL1= 1.2554752081147238E+002
CRVAL2=-2.7588511974457015E+000
CDELT1= 3.3209093199744022E-004
CDELT2= 3.3212172028996867E-004
CROTA1= 8.3467214993635935E+001
CROTA2= 8.3491086405111361E+001
CD1_1= 3.7782557621003183E-005
CD1_2=-3.2993463815511099E-004
CD2_1= 3.2998094088283151E-004
CD2_2= 3.7648582210350009E-005
CMDLINE="C:\Program Files\astap\astap.exe"   -f "C:\skytrack\Images\Streak_40358_213112.fits" -s 500
DIMENSIONS=6248 x 4176
WARNING=Warning inexact scale! Set FOV=1.39d or scale=1.2"/pix or FL=649mm 
