PLTSOLVD=T
CRPIX1= 3.1245000000000000E+003
CRPIX2= 2.0885000000000000E+003
CRVAL1= 1.5739866908680528E+002
CRVAL2=-1.4813076495676542E+001
CDELT1= 3.3197443830369181E-004
CDELT2= 3.3212250517280643E-004
CROTA1=-9.6290087383635580E+001
CROTA2=-9.6304688369754089E+001
CD1_1=-3.6371898424748105E-005
CD1_2= 3.2997592744324767E-004
CD2_1=-3.3011381924254581E-004
CD2_2=-3.6472246809877690E-005
CMDLINE="C:\Program Files\astap\astap.exe"   -f "C:\skytrack\Images\Streak_65437_213238.fits" -s 500
DIMENSIONS=6248 x 4176
WARNING=Warning inexact scale! Set FOV=1.39d or scale=1.2"/pix or FL=649mm 
