PLTSOLVD=T
CRPIX1= 3.1245000000000000E+003
CRPIX2= 2.0885000000000000E+003
CRVAL1= 9.8455036844062334E+001
CRVAL2= 1.1821451404871263E+001
CDELT1= 3.3202789973785132E-004
CDELT2= 3.3198110005689958E-004
CROTA1= 8.3470051404605954E+001
CROTA2= 8.3511638826097496E+001
CD1_1= 3.7759056067356367E-005
CD1_2=-3.2987388482453542E-004
CD2_1= 3.2985470494198790E-004
CD2_2= 3.7514322899704093E-005
CMDLINE="C:\Program Files\astap\astap.exe"   -f "C:\skytrack\Images\Streak_55463_213757.fits" -s 500
DIMENSIONS=6248 x 4176
WARNING=Warning inexact scale! Set FOV=1.39d or scale=1.2"/pix or FL=649mm 
