PLTSOLVD=T
CRPIX1= 3.1245000000000000E+003
CRPIX2= 2.0885000000000000E+003
CRVAL1= 1.9401427435683084E+002
CRVAL2= 6.2522908393377008E+001
CDELT1= 3.3200108275898002E-004
CDELT2= 3.3199221224237599E-004
CROTA1=-9.6225214778744274E+001
CROTA2=-9.6218364809595613E+001
CD1_1=-3.6001152306141694E-005
CD1_2= 3.3004338500531270E-004
CD2_1=-3.3003886842180295E-004
CD2_2=-3.5960733035391333E-005
CMDLINE="C:\Program Files\astap\astap.exe"   -f "C:\skytrack\Images\Streak_41188_213530.fits" -s 500
DIMENSIONS=6248 x 4176
WARNING=Warning inexact scale! Set FOV=1.39d or scale=1.2"/pix or FL=649mm 
