PLTSOLVD=T
CRPIX1= 3.1245000000000000E+003
CRPIX2= 2.0885000000000000E+003
CRVAL1= 1.1679759812913370E+002
CRVAL2= 2.9967213353594101E+001
CDELT1= 3.3204183189464962E-004
CDELT2= 3.3190758516442000E-004
CROTA1= 8.3460520718057509E+001
CROTA2= 8.3483351310760511E+001
CD1_1= 3.7815514083063726E-005
CD1_2=-3.2988144085805793E-004
CD2_1= 3.2976310362800728E-004
CD2_2= 3.7668827633745546E-005
CMDLINE="C:\Program Files\astap\astap.exe"   -f "C:\skytrack\Images\Streak_51771_223608.fits" -s 500
DIMENSIONS=6248 x 4176
WARNING=Warning inexact scale! Set FOV=1.39d or scale=1.2"/pix or FL=649mm 
