PLTSOLVD=T
CRPIX1= 3.1245000000000000E+003
CRPIX2= 2.0885000000000000E+003
CRVAL1= 1.6302002285380473E+002
CRVAL2= 1.8490313322772455E+001
CDELT1= 3.3212492502783303E-004
CDELT2= 3.3209413421221411E-004
CROTA1=-9.6317162552472666E+001
CROTA2=-9.6331572516905936E+001
CD1_1=-3.6544383121500705E-005
CD1_2= 3.3010827600502940E-004
CD2_1=-3.3006847160222264E-004
CD2_2=-3.6624008960418515E-005
CMDLINE="C:\Program Files\astap\astap.exe"   -f "C:\skytrack\Images\Streak_43071_220456.fits" -s 500
DIMENSIONS=6248 x 4176
WARNING=Warning inexact scale! Set FOV=1.39d or scale=1.2"/pix or FL=649mm 
