PLTSOLVD=T
CRPIX1= 3.1245000000000000E+003
CRPIX2= 2.0885000000000000E+003
CRVAL1= 1.8847432543198272E+002
CRVAL2=-7.3445730473278079E+000
CDELT1= 3.3205293217997964E-004
CDELT2= 3.3221608110140004E-004
CROTA1=-9.6302671899901881E+001
CROTA2=-9.6345897454902996E+001
CD1_1=-3.6452990979666019E-005
CD1_2= 3.3004595016142610E-004
CD2_1=-3.3018050433718390E-004
CD2_2=-3.6720009504558477E-005
CMDLINE="C:\Program Files\astap\astap.exe"   -f "C:\skytrack\Images\Streak_60418_212847.fits" -s 500
DIMENSIONS=6248 x 4176
WARNING=Warning inexact scale! Set FOV=1.39d or scale=1.2"/pix or FL=648mm 
