PLTSOLVD=T
CRPIX1= 3.1245000000000000E+003
CRPIX2= 2.0885000000000000E+003
CRVAL1= 1.2360465710235975E+002
CRVAL2= 1.9251782779097926E+001
CDELT1= 3.3209749134062834E-004
CDELT2= 3.3201574250272923E-004
CROTA1= 8.3455876662367004E+001
CROTA2= 8.3474503677654894E+001
CD1_1= 3.7848595603681061E-005
CD1_2=-3.2993367146377729E-004
CD2_1= 3.2986473949186051E-004
CD2_2= 3.7732040888422792E-005
CMDLINE="C:\Program Files\astap\astap.exe"   -f "C:\skytrack\Images\Streak_54062_224809.fits" -s 500
DIMENSIONS=6248 x 4176
WARNING=Warning inexact scale! Set FOV=1.39d or scale=1.2"/pix or FL=649mm 
