PLTSOLVD=T
CRPIX1= 3.1245000000000000E+003
CRPIX2= 2.0885000000000000E+003
CRVAL1= 1.2722998336815500E+002
CRVAL2= 3.1140131216307079E+001
CDELT1= 3.3205028980798715E-004
CDELT2= 3.3197585414625479E-004
CROTA1= 8.3501005336315927E+001
CROTA2= 8.3494348056025828E+001
CD1_1= 3.7583371088550292E-005
CD1_2=-3.2991648212720223E-004
CD2_1= 3.2983815668645336E-004
CD2_2= 3.7613270661005680E-005
CMDLINE="C:\Program Files\astap\astap.exe"   -f "C:\skytrack\Images\Streak_51137_210005.fits" -s 500
DIMENSIONS=6248 x 4176
WARNING=Warning inexact scale! Set FOV=1.39d or scale=1.2"/pix or FL=649mm 
