PLTSOLVD=T
CRPIX1= 3.1245000000000000E+003
CRPIX2= 2.0885000000000000E+003
CRVAL1= 1.7240271406093032E+002
CRVAL2= 2.1462883273118283E+001
CDELT1= 3.3194775605926969E-004
CDELT2= 3.3188881604794267E-004
CROTA1=-9.6300684247802835E+001
CROTA2=-9.6312854019293368E+001
CD1_1=-3.6429998631797670E-005
CD1_2= 3.2994267373662298E-004
CD2_1=-3.2987634585076767E-004
CD2_2=-3.6493597600810049E-005
CMDLINE="C:\Program Files\astap\astap.exe"   -f "C:\skytrack\Images\Streak_65437_213116.fits" -s 500
DIMENSIONS=6248 x 4176
WARNING=Warning inexact scale! Set FOV=1.39d or scale=1.2"/pix or FL=649mm 
