PLTSOLVD=T
CRPIX1= 3.1245000000000000E+003
CRPIX2= 2.0885000000000000E+003
CRVAL1= 7.1984292798915888E+001
CRVAL2= 5.0396985259380287E+001
CDELT1= 3.3213989037648403E-004
CDELT2= 3.3208286747972497E-004
CROTA1= 8.3439658639351421E+001
CROTA2= 8.3483604607895799E+001
CD1_1= 3.7946828488488262E-005
CD1_2=-3.2996506631303882E-004
CD2_1= 3.2993742004388328E-004
CD2_2= 3.7687262149732952E-005
CMDLINE="C:\Program Files\astap\astap.exe"   -f "C:\skytrack\Images\Streak_59397_215732.fits" -s 500
DIMENSIONS=6248 x 4176
WARNING=Warning inexact scale! Set FOV=1.39d or scale=1.2"/pix or FL=649mm 
