PLTSOLVD=T
CRPIX1= 3.1245000000000000E+003
CRPIX2= 2.0885000000000000E+003
CRVAL1= 1.7591051491716522E+002
CRVAL2= 3.4687611830909951E+001
CDELT1= 3.3206636500560490E-004
CDELT2= 3.3201796217033791E-004
CROTA1=-9.6300411744133854E+001
CROTA2=-9.6298319339905746E+001
CD1_1=-3.6441445713798564E-005
CD1_2= 3.3006073956519562E-004
CD2_1=-3.3001395947858918E-004
CD2_2=-3.6424082047569147E-005
CMDLINE="C:\Program Files\astap\astap.exe"   -f "C:\skytrack\Images\Streak_59486_211937.fits" -s 500
DIMENSIONS=6248 x 4176
WARNING=Warning inexact scale! Set FOV=1.39d or scale=1.2"/pix or FL=649mm 
