PLTSOLVD=T
CRPIX1= 3.1245000000000000E+003
CRPIX2= 2.0885000000000000E+003
CRVAL1= 1.0583452560859628E+002
CRVAL2= 4.3097300094294226E+001
CDELT1= 3.3207979565839138E-004
CDELT2= 3.3200656017214454E-004
CROTA1= 8.3464543995715019E+001
CROTA2= 8.3470768705565717E+001
CD1_1= 3.7796670860311545E-005
CD1_2=-3.2992181248955974E-004
CD2_1= 3.2985315635756797E-004
CD2_2= 3.7752499762130422E-005
CMDLINE="C:\Program Files\astap\astap.exe"   -f "C:\skytrack\Images\Streak_65474_222348.fits" -s 500
DIMENSIONS=6248 x 4176
WARNING=Warning inexact scale! Set FOV=1.39d or scale=1.2"/pix or FL=649mm 
