PLTSOLVD=T
CRPIX1= 3.1245000000000000E+003
CRPIX2= 2.0885000000000000E+003
CRVAL1= 9.9665595705314857E+001
CRVAL2= 1.1726540501650309E+001
CDELT1= 3.3220375310203889E-004
CDELT2= 3.3208077922031491E-004
CROTA1= 8.3463014060478997E+001
CROTA2= 8.3511797612512851E+001
CD1_1= 3.7819592434921750E-005
CD1_2=-3.3004395465322011E-004
CD2_1= 3.2995384963860509E-004
CD2_2= 3.7524672366808573E-005
CMDLINE="C:\Program Files\astap\astap.exe"   -f "C:\skytrack\Images\Streak_47772_214639.fits" -s 500
DIMENSIONS=6248 x 4176
WARNING=Warning inexact scale! Set FOV=1.39d or scale=1.2"/pix or FL=649mm 
