PLTSOLVD=T
CRPIX1= 3.1245000000000000E+003
CRPIX2= 2.0885000000000000E+003
CRVAL1= 1.1581962696145391E+002
CRVAL2= 2.6547775361013461E+001
CDELT1= 3.3203763281784427E-004
CDELT2= 3.3197847316884837E-004
CROTA1= 8.3469328820689171E+001
CROTA2= 8.3480744809505538E+001
CD1_1= 3.7764323250980643E-005
CD1_2=-3.2988307852430533E-004
CD2_1= 3.2983181928066620E-004
CD2_2= 3.7691877606796902E-005
CMDLINE="C:\Program Files\astap\astap.exe"   -f "C:\skytrack\Images\Streak_59552_220914.fits" -s 500
DIMENSIONS=6248 x 4176
WARNING=Warning inexact scale! Set FOV=1.39d or scale=1.2"/pix or FL=649mm 
