PLTSOLVD=T
CRPIX1= 3.1245000000000000E+003
CRPIX2= 2.0885000000000000E+003
CRVAL1= 1.7548546602082598E+002
CRVAL2=-9.2320461524930975E-001
CDELT1= 3.3207417153269172E-004
CDELT2= 3.3229065259142432E-004
CROTA1=-9.6241867026511116E+001
CROTA2=-9.6275482797473501E+001
CD1_1=-3.6105020088736793E-005
CD1_2= 3.3010556330288564E-004
CD2_1=-3.3029950732663577E-004
CD2_2=-3.6322352063383101E-005
CMDLINE="C:\Program Files\astap\astap.exe"   -f "C:\skytrack\Images\Streak_48093_210637.fits" -s 500
DIMENSIONS=6248 x 4176
WARNING=Warning inexact scale! Set FOV=1.39d or scale=1.2"/pix or FL=648mm 
