PLTSOLVD=T
CRPIX1= 3.1245000000000000E+003
CRPIX2= 2.0885000000000000E+003
CRVAL1= 1.6284422483518475E+002
CRVAL2= 8.4457607100611849E+000
CDELT1= 3.3206348816924061E-004
CDELT2= 3.3205810537359661E-004
CROTA1=-9.6296606686091323E+001
CROTA2=-9.6301677621971166E+001
CD1_1=-3.6419210520332149E-005
CD1_2= 3.3006029946086991E-004
CD2_1=-3.3005172463177021E-004
CD2_2=-3.6447831374400474E-005
CMDLINE="C:\Program Files\astap\astap.exe"   -f "C:\skytrack\Images\Streak_52331_211411.fits" -s 500
DIMENSIONS=6248 x 4176
WARNING=Warning inexact scale! Set FOV=1.39d or scale=1.2"/pix or FL=649mm 
