PLTSOLVD=T
CRPIX1= 3.1245000000000000E+003
CRPIX2= 2.0885000000000000E+003
CRVAL1= 1.6825801774238408E+002
CRVAL2= 3.5636474161476741E+001
CDELT1= 3.3196450272711923E-004
CDELT2= 3.3196751945726335E-004
CROTA1=-9.6287124717328140E+001
CROTA2=-9.6311711996175319E+001
CD1_1=-3.6353747833497279E-005
CD1_2= 3.2996793191054496E-004
CD2_1=-3.2995529952683302E-004
CD2_2=-3.6495674932331576E-005
CMDLINE="C:\Program Files\astap\astap.exe"   -f "C:\skytrack\Images\Streak_49445_213942.fits" -s 500
DIMENSIONS=6248 x 4176
WARNING=Warning inexact scale! Set FOV=1.39d or scale=1.2"/pix or FL=649mm 
