PLTSOLVD=T
CRPIX1= 3.1245000000000000E+003
CRPIX2= 2.0885000000000000E+003
CRVAL1= 1.3422735545103555E+002
CRVAL2= 2.8777835489292091E+001
CDELT1= 3.3199677989500929E-004
CDELT2= 3.3199821026891747E-004
CROTA1= 8.3453520418735962E+001
CROTA2= 8.3467265739759867E+001
CD1_1= 3.7850681803361211E-005
CD1_2=-3.2983205991485417E-004
CD2_1= 3.2984255193047306E-004
CD2_2= 3.7771716372935718E-005
CMDLINE="C:\Program Files\astap\astap.exe"   -f "C:\skytrack\Images\Streak_63994_223103.fits" -s 500
DIMENSIONS=6248 x 4176
WARNING=Warning inexact scale! Set FOV=1.39d or scale=1.2"/pix or FL=649mm 
