PLTSOLVD=T
CRPIX1= 3.1245000000000000E+003
CRPIX2= 2.0885000000000000E+003
CRVAL1= 2.0726523248983739E+002
CRVAL2= 4.9720226064391674E+001
CDELT1= 3.3209586647790871E-004
CDELT2= 3.3198482781505225E-004
CROTA1=-9.6350826979166200E+001
CROTA2=-9.6341050732584947E+001
CD1_1=-3.6735119258280849E-005
CD1_2= 3.3005786696395053E-004
CD2_1=-3.2995377085080465E-004
CD2_2=-3.6666537888442077E-005
CMDLINE="C:\Program Files\astap\astap.exe"   -f "C:\skytrack\Images\Streak_54068_222755.fits" -s 500
DIMENSIONS=6248 x 4176
WARNING=Warning inexact scale! Set FOV=1.39d or scale=1.2"/pix or FL=649mm 
