PLTSOLVD=T
CRPIX1= 3.1245000000000000E+003
CRPIX2= 2.0885000000000000E+003
CRVAL1= 5.8139810191644322E+001
CRVAL2= 3.6350098774535752E+001
CDELT1= 3.3229382433647945E-004
CDELT2= 3.3217336179254618E-004
CROTA1= 8.3429959872978955E+001
CROTA2= 8.3483291955409328E+001
CD1_1= 3.8020295685235396E-005
CD1_2=-3.3011156115496821E-004
CD2_1= 3.3002712399770841E-004
CD2_2= 3.7699333022786830E-005
CMDLINE="C:\Program Files\astap\astap.exe"   -f "C:\skytrack\Images\Streak_52331_211103.fits" -s 500
DIMENSIONS=6248 x 4176
WARNING=Warning inexact scale! Set FOV=1.39d or scale=1.2"/pix or FL=649mm 
