PLTSOLVD=T
CRPIX1= 3.1245000000000000E+003
CRPIX2= 2.0885000000000000E+003
CRVAL1= 9.5840327016123013E+001
CRVAL2= 4.4879936459291116E+001
CDELT1= 3.3204367815865843E-004
CDELT2= 3.3196039149588959E-004
CROTA1= 8.3475677575498139E+001
CROTA2= 8.3481179497295670E+001
CD1_1= 3.7728456673943997E-005
CD1_2=-3.2989326722764907E-004
CD2_1= 3.2981414046137153E-004
CD2_2= 3.7687322455050698E-005
CMDLINE="C:\Program Files\astap\astap.exe"   -f "C:\skytrack\Images\Streak_52334_210701.fits" -s 500
DIMENSIONS=6248 x 4176
WARNING=Warning inexact scale! Set FOV=1.39d or scale=1.2"/pix or FL=649mm 
