PLTSOLVD=T
CRPIX1= 3.1245000000000000E+003
CRPIX2= 2.0885000000000000E+003
CRVAL1= 1.8242599713256115E+002
CRVAL2= 3.0582542694224340E+001
CDELT1= 3.3206320826835179E-004
CDELT2= 3.3197773669250313E-004
CROTA1=-9.6321914550249744E+001
CROTA2=-9.6322484589040670E+001
CD1_1=-3.6564965609846020E-005
CD1_2= 3.3004390249695805E-004
CD2_1=-3.2995858697182806E-004
CD2_2=-3.6558836729736101E-005
CMDLINE="C:\Program Files\astap\astap.exe"   -f "C:\skytrack\Images\Streak_57973_213834.fits" -s 500
DIMENSIONS=6248 x 4176
WARNING=Warning inexact scale! Set FOV=1.39d or scale=1.2"/pix or FL=649mm 
