PLTSOLVD=T
CRPIX1= 3.1245000000000000E+003
CRPIX2= 2.0885000000000000E+003
CRVAL1= 2.1640381905101327E+002
CRVAL2= 3.0262896738947155E+001
CDELT1= 3.3213032545360426E-004
CDELT2= 3.3201955118926255E-004
CROTA1=-9.6344448280862608E+001
CROTA2=-9.6355367858420507E+001
CD1_1=-3.6702181825160446E-005
CD1_2= 3.3009620254584868E-004
CD2_1=-3.2997910825900576E-004
CD2_2=-3.6752829612299170E-005
CMDLINE="C:\Program Files\astap\astap.exe"   -f "C:\skytrack\Images\Streak_48381_215552.fits" -s 500
DIMENSIONS=6248 x 4176
WARNING=Warning inexact scale! Set FOV=1.39d or scale=1.2"/pix or FL=649mm 
