PLTSOLVD=T
CRPIX1= 3.1245000000000000E+003
CRPIX2= 2.0885000000000000E+003
CRVAL1= 1.0306284903339321E+002
CRVAL2= 2.0082435747634637E+001
CDELT1= 3.3196890760046747E-004
CDELT2= 3.3190404751863052E-004
CROTA1= 8.3484195058182934E+001
CROTA2= 8.3503490024156349E+001
CD1_1= 3.7670930185471329E-005
CD1_2=-3.2982458463918216E-004
CD2_1= 3.2977280842588210E-004
CD2_2= 3.7552517654024513E-005
CMDLINE="C:\Program Files\astap\astap.exe"   -f "C:\skytrack\Images\Streak_62895_212530.fits" -s 500
DIMENSIONS=6248 x 4176
WARNING=Warning inexact scale! Set FOV=1.39d or scale=1.2"/pix or FL=649mm 
