PLTSOLVD=T
CRPIX1= 3.1245000000000000E+003
CRPIX2= 2.0885000000000000E+003
CRVAL1= 1.9781238294440226E+002
CRVAL2= 3.1473053689092094E+001
CDELT1= 3.3206744969034281E-004
CDELT2= 3.3196465787261741E-004
CROTA1=-9.6331904626746791E+001
CROTA2=-9.6348369335915280E+001
CD1_1=-3.6622979195593806E-005
CD1_2= 3.3004173757070101E-004
CD2_1=-3.2992903834600787E-004
CD2_2=-3.6706453554687105E-005
CMDLINE="C:\Program Files\astap\astap.exe"   -f "C:\skytrack\Images\Streak_59504_215203.fits" -s 500
DIMENSIONS=6248 x 4176
WARNING=Warning inexact scale! Set FOV=1.39d or scale=1.2"/pix or FL=649mm 
