PLTSOLVD=T
CRPIX1= 3.1245000000000000E+003
CRPIX2= 2.0885000000000000E+003
CRVAL1= 8.7540377093606949E+001
CRVAL2= 3.9915735170215328E+001
CDELT1= 3.3207574860966371E-004
CDELT2= 3.3195444775905859E-004
CROTA1= 8.3471498439102149E+001
CROTA2= 8.3485406078781850E+001
CD1_1= 3.7756165214646755E-005
CD1_2=-3.2992237693577693E-004
CD2_1= 3.2981101431541117E-004
CD2_2= 3.7662318346873127E-005
CMDLINE="C:\Program Files\astap\astap.exe"   -f "C:\skytrack\Images\Streak_52331_211216.fits" -s 500
DIMENSIONS=6248 x 4176
WARNING=Warning inexact scale! Set FOV=1.39d or scale=1.2"/pix or FL=649mm 
