PLTSOLVD=T
CRPIX1= 3.1245000000000000E+003
CRPIX2= 2.0885000000000000E+003
CRVAL1= 1.2918391441411791E+002
CRVAL2= 4.8712062389495351E+001
CDELT1= 3.3204119017083659E-004
CDELT2= 3.3195808223634760E-004
CROTA1= 8.3477041640901732E+001
CROTA2= 8.3486587141301158E+001
CD1_1= 3.7720320112838944E-005
CD1_2=-3.2989169347022153E-004
CD2_1= 3.2981540161281891E-004
CD2_2= 3.7655932082590741E-005
CMDLINE="C:\Program Files\astap\astap.exe"   -f "C:\skytrack\Images\Streak_46146_212243.fits" -s 500
DIMENSIONS=6248 x 4176
WARNING=Warning inexact scale! Set FOV=1.39d or scale=1.2"/pix or FL=649mm 
