PLTSOLVD=T
CRPIX1= 3.1245000000000000E+003
CRPIX2= 2.0885000000000000E+003
CRVAL1= 1.8861998182090602E+002
CRVAL2= 2.0569146304629196E+000
CDELT1= 3.3224717980283308E-004
CDELT2= 3.3188646964907455E-004
CROTA1=-9.6307651009491352E+001
CROTA2=-9.6317829150312136E+001
CD1_1=-3.6503013858824122E-005
CD1_2= 3.3023585278730503E-004
CD2_1=-3.2987084363124913E-004
CD2_2=-3.6521983217427686E-005
CMDLINE="C:\Program Files\astap\astap.exe"   -f "C:\skytrack\Images\Streak_49436_205835.fits" -s 500
DIMENSIONS=6248 x 4176
WARNING=Warning inexact scale! Set FOV=1.39d or scale=1.2"/pix or FL=649mm 
