PLTSOLVD=T
CRPIX1= 3.1245000000000000E+003
CRPIX2= 2.0885000000000000E+003
CRVAL1= 9.4001244159080812E+001
CRVAL2= 7.1483225428609365E-001
CDELT1= 3.3223910909313992E-004
CDELT2= 3.3226924085012364E-004
CROTA1= 8.3474181849761138E+001
CROTA2= 8.3519404857518055E+001
CD1_1= 3.7759279541592249E-005
CD1_2=-3.3008644688854347E-004
CD2_1= 3.3014608632237375E-004
CD2_2= 3.7502134621074834E-005
CMDLINE="C:\Program Files\astap\astap.exe"   -f "C:\skytrack\Images\Streak_50193_205645.fits" -s 500
DIMENSIONS=6248 x 4176
WARNING=Warning inexact scale! Set FOV=1.39d or scale=1.2"/pix or FL=648mm 
