PLTSOLVD=T
CRPIX1= 3.1245000000000000E+003
CRPIX2= 2.0885000000000000E+003
CRVAL1= 2.0874104560365137E+002
CRVAL2= 2.3111492087692660E+001
CDELT1= 3.3197710019403141E-004
CDELT2= 3.3177812886809232E-004
CROTA1=-9.6332708645308273E+001
CROTA2=-9.6338462845490682E+001
CD1_1=-3.6617644887387176E-005
CD1_2= 3.2995142541916559E-004
CD2_1=-3.2974999122723213E-004
CD2_2=-3.6628814898284799E-005
CMDLINE="C:\Program Files\astap\astap.exe"   -f "C:\skytrack\Images\Streak_63594_211943.fits" -s 500
DIMENSIONS=6248 x 4176
WARNING=Warning inexact scale! Set FOV=1.39d or scale=1.2"/pix or FL=649mm 
