PLTSOLVD=T
CRPIX1= 3.1245000000000000E+003
CRPIX2= 2.0885000000000000E+003
CRVAL1= 8.8907472835701554E+001
CRVAL2= 1.2675385266567041E+001
CDELT1= 3.3224412953163004E-004
CDELT2= 3.3214536164289217E-004
CROTA1= 8.3461379034753293E+001
CROTA2= 8.3515346283919513E+001
CD1_1= 3.7833608527842877E-005
CD1_2=-3.3008298907091912E-004
CD2_1= 3.3002034236718028E-004
CD2_2= 3.7511530023936891E-005
CMDLINE="C:\Program Files\astap\astap.exe"   -f "C:\skytrack\Images\Streak_51128_212618.fits" -s 500
DIMENSIONS=6248 x 4176
WARNING=Warning inexact scale! Set FOV=1.39d or scale=1.2"/pix or FL=649mm 
