PLTSOLVD=T
CRPIX1= 3.1245000000000000E+003
CRPIX2= 2.0885000000000000E+003
CRVAL1= 8.5154189584371764E+001
CRVAL2= 3.3586267018238296E+001
CDELT1= 3.3228011023298307E-004
CDELT2= 3.3217465659176671E-004
CROTA1= 8.3476867511509695E+001
CROTA2= 8.3491114794194473E+001
CD1_1= 3.7748465054532805E-005
CD1_2=-3.3012895214214416E-004
CD2_1= 3.3003355462669730E-004
CD2_2= 3.7654419426210000E-005
CMDLINE="C:\Program Files\astap\astap.exe"   -f "C:\skytrack\Images\Streak_39012_210932.fits" -s 500
DIMENSIONS=6248 x 4176
WARNING=Warning inexact scale! Set FOV=1.39d or scale=1.2"/pix or FL=649mm 
