PLTSOLVD=T
CRPIX1= 3.1245000000000000E+003
CRPIX2= 2.0885000000000000E+003
CRVAL1= 1.7812635318110557E+002
CRVAL2=-5.1092165327569532E+000
CDELT1= 3.3208869947286366E-004
CDELT2= 3.3222357534793377E-004
CROTA1=-9.6286975582096204E+001
CROTA2=-9.6325483945019570E+001
CD1_1=-3.6366489541771978E-005
CD1_2= 3.3009147634555205E-004
CD2_1=-3.3020101471634242E-004
CD2_2=-3.6603195178317893E-005
CMDLINE="C:\Program Files\astap\astap.exe"   -f "C:\skytrack\Images\Streak_52331_211459.fits" -s 500
DIMENSIONS=6248 x 4176
WARNING=Warning inexact scale! Set FOV=1.39d or scale=1.2"/pix or FL=648mm 
