PLTSOLVD=T
CRPIX1= 3.1245000000000000E+003
CRPIX2= 2.0885000000000000E+003
CRVAL1= 1.0038660154538049E+002
CRVAL2= 1.7470110333467346E+001
CDELT1= 3.3215234157192678E-004
CDELT2= 3.3210591107645589E-004
CROTA1= 8.3466901248769588E+001
CROTA2= 8.3503066970626506E+001
CD1_1= 3.7791351310433223E-005
CD1_2=-3.2999544205616742E-004
CD2_1= 3.2997309831390363E-004
CD2_2= 3.7577793456318257E-005
CMDLINE="C:\Program Files\astap\astap.exe"   -f "C:\skytrack\Images\Streak_59504_214949.fits" -s 500
DIMENSIONS=6248 x 4176
WARNING=Warning inexact scale! Set FOV=1.39d or scale=1.2"/pix or FL=649mm 
