PLTSOLVD=T
CRPIX1= 3.1245000000000000E+003
CRPIX2= 2.0885000000000000E+003
CRVAL1= 2.4256222947913042E+002
CRVAL2= 5.1520957712078783E+001
CDELT1= 3.3220403471996492E-004
CDELT2= 3.3204065823945835E-004
CROTA1=-9.6330395457393905E+001
CROTA2=-9.6355000561541445E+001
CD1_1=-3.6629345974952522E-005
CD1_2= 3.3017845432079738E-004
CD2_1=-3.3000032120843474E-004
CD2_2=-3.6753050573016029E-005
CMDLINE="C:\Program Files\astap\astap.exe"   -f "C:\skytrack\Images\Streak_48390_212439.fits" -s 500
DIMENSIONS=6248 x 4176
WARNING=Warning inexact scale! Set FOV=1.39d or scale=1.2"/pix or FL=649mm 
