PLTSOLVD=T
CRPIX1= 3.1245000000000000E+003
CRPIX2= 2.0885000000000000E+003
CRVAL1= 1.0692958021563717E+002
CRVAL2= 1.6278131133026676E+001
CDELT1= 3.3221549343306472E-004
CDELT2= 3.3217515277266906E-004
CROTA1= 8.3500449665193145E+001
CROTA2= 8.3522049331718677E+001
CD1_1= 3.7605271005794625E-005
CD1_2=-3.3008025943633072E-004
CD2_1= 3.3005432951588374E-004
CD2_2= 3.7476281664093259E-005
CMDLINE="C:\Program Files\astap\astap.exe"   -f "C:\skytrack\Images\Streak_50193_205733.fits" -s 500
DIMENSIONS=6248 x 4176
WARNING=Warning inexact scale! Set FOV=1.39d or scale=1.2"/pix or FL=649mm 
