PLTSOLVD=T
CRPIX1= 3.1245000000000000E+003
CRPIX2= 2.0885000000000000E+003
CRVAL1= 1.2030704688820866E+002
CRVAL2= 1.0270394812720498E+000
CDELT1= 3.3223994349000023E-004
CDELT2= 3.3220010781028560E-004
CROTA1= 8.3500910518780799E+001
CROTA2= 8.3490275568329352E+001
CD1_1= 3.7605383471871888E-005
CD1_2=-3.3010485483278188E-004
CD2_1= 3.3005829018247808E-004
CD2_2= 3.7662138959231206E-005
CMDLINE="C:\Program Files\astap\astap.exe"   -f "C:\skytrack\Images\Streak_42954_212044.fits" -s 500
DIMENSIONS=6248 x 4176
WARNING=Warning inexact scale! Set FOV=1.39d or scale=1.2"/pix or FL=649mm 
