PLTSOLVD=T
CRPIX1= 3.1245000000000000E+003
CRPIX2= 2.0885000000000000E+003
CRVAL1= 1.7288791420944273E+002
CRVAL2= 9.5692380090758000E+000
CDELT1= 3.3252483484593409E-004
CDELT2= 3.3242710869409273E-004
CROTA1=-9.6278057628182594E+001
CROTA2=-9.6298298937693957E+001
CD1_1=-3.6362804130717819E-005
CD1_2= 3.3053065253477897E-004
CD2_1=-3.3042064945112433E-004
CD2_2=-3.6468849872341485E-005
CMDLINE="C:\Program Files\astap\astap.exe"   -f "C:\skytrack\Images\Streak_40339_211741.fits" -s 500
DIMENSIONS=6248 x 4176
WARNING=Warning inexact scale! Set FOV=1.39d or scale=1.2"/pix or FL=648mm 
