PLTSOLVD=T
CRPIX1= 3.1245000000000000E+003
CRPIX2= 2.0885000000000000E+003
CRVAL1= 7.1690914858458271E+001
CRVAL2= 4.8284638541267917E+001
CDELT1= 3.3216064757396951E-004
CDELT2= 3.3199979403045774E-004
CROTA1= 8.3439570490097736E+001
CROTA2= 8.3486605630338616E+001
CD1_1= 3.7949707669867359E-005
CD1_2=-3.2998562920910721E-004
CD2_1= 3.2985685632384371E-004
CD2_2= 3.7660557250490782E-005
CMDLINE="C:\Program Files\astap\astap.exe"   -f "C:\skytrack\Images\Streak_49445_213746.fits" -s 500
DIMENSIONS=6248 x 4176
WARNING=Warning inexact scale! Set FOV=1.39d or scale=1.2"/pix or FL=649mm 
