PLTSOLVD=T
CRPIX1= 3.1245000000000000E+003
CRPIX2= 2.0885000000000000E+003
CRVAL1= 1.2231454227891319E+002
CRVAL2= 3.0857163438941278E+001
CDELT1= 3.3204375200431116E-004
CDELT2= 3.3198216620324922E-004
CROTA1= 8.3487541495846884E+001
CROTA2= 8.3481668943180651E+001
CD1_1= 3.7660155065846924E-005
CD1_2=-3.2990114574750549E-004
CD2_1= 3.2983609633776764E-004
CD2_2= 3.7686976923927745E-005
CMDLINE="C:\Program Files\astap\astap.exe"   -f "C:\skytrack\Images\Streak_48390_212238.fits" -s 500
DIMENSIONS=6248 x 4176
WARNING=Warning inexact scale! Set FOV=1.39d or scale=1.2"/pix or FL=649mm 
