PLTSOLVD=T
CRPIX1= 3.1245000000000000E+003
CRPIX2= 2.0885000000000000E+003
CRVAL1= 1.1171512702117762E+002
CRVAL2= 1.2229555204177530E+001
CDELT1= 3.3207283532976471E-004
CDELT2= 3.3207779862178769E-004
CROTA1= 8.3453600566697475E+001
CROTA2= 8.3492513822830404E+001
CD1_1= 3.7858891331448593E-005
CD1_2=-3.2990767240411763E-004
CD2_1= 3.2993824004144630E-004
CD2_2= 3.7635383561823343E-005
CMDLINE="C:\Program Files\astap\astap.exe"   -f "C:\skytrack\Images\Streak_51771_223518.fits" -s 500
DIMENSIONS=6248 x 4176
WARNING=Warning inexact scale! Set FOV=1.39d or scale=1.2"/pix or FL=649mm 
