PLTSOLVD=T
CRPIX1= 3.1245000000000000E+003
CRPIX2= 2.0885000000000000E+003
CRVAL1= 8.3333231434184768E+001
CRVAL2= 3.5304362031059217E-001
CDELT1= 3.3241486463185614E-004
CDELT2= 3.3243527185887191E-004
CROTA1= 8.3445097104066122E+001
CROTA2= 8.3504429938819513E+001
CD1_1= 3.7946898076983574E-005
CD1_2=-3.3024184343379362E-004
CD2_1= 3.3030123861724540E-004
CD2_2= 3.7607203349831800E-005
CMDLINE="C:\Program Files\astap\astap.exe"   -f "C:\skytrack\Images\Streak_47836_211229.fits" -s 500
DIMENSIONS=6248 x 4176
WARNING=Warning inexact scale! Set FOV=1.39d or scale=1.2"/pix or FL=648mm 
