PLTSOLVD=T
CRPIX1= 3.1245000000000000E+003
CRPIX2= 2.0885000000000000E+003
CRVAL1= 1.5344746013613323E+002
CRVAL2=-1.0135314077591069E+001
CDELT1= 3.3227274490855047E-004
CDELT2= 3.3249684226617965E-004
CROTA1=-9.6256062055629187E+001
CROTA2=-9.6284436104843806E+001
CD1_1=-3.6208441579156253E-005
CD1_2= 3.3029399898797964E-004
CD2_1=-3.3049877801748586E-004
CD2_2=-3.6396536180375112E-005
CMDLINE="C:\Program Files\astap\astap.exe"   -f "C:\skytrack\Images\Streak_40339_211615.fits" -s 500
DIMENSIONS=6248 x 4176
WARNING=Warning inexact scale! Set FOV=1.39d or scale=1.2"/pix or FL=648mm 
