PLTSOLVD=T
CRPIX1= 3.1245000000000000E+003
CRPIX2= 2.0885000000000000E+003
CRVAL1= 2.3531399995125432E+002
CRVAL2= 3.1661723737228535E+001
CDELT1= 3.3231424600202935E-004
CDELT2= 3.3211645223671284E-004
CROTA1=-9.6313355189327510E+001
CROTA2=-9.6381196657074355E+001
CD1_1=-3.6543265877113564E-005
CD1_2= 3.3029887649662374E-004
CD2_1=-3.3005880733598636E-004
CD2_2=-3.6912349508626584E-005
CMDLINE="C:\Program Files\astap\astap.exe"   -f "C:\skytrack\Images\Streak_53923_211426.fits" -s 500
DIMENSIONS=6248 x 4176
WARNING=Warning inexact scale! Set FOV=1.39d or scale=1.2"/pix or FL=649mm 
