PLTSOLVD=T
CRPIX1= 3.1245000000000000E+003
CRPIX2= 2.0885000000000000E+003
CRVAL1= 1.9483828555317572E+002
CRVAL2= 3.3070451896556570E+001
CDELT1= 3.3204835963756717E-004
CDELT2= 3.3205748061271821E-004
CROTA1=-9.6321812507673386E+001
CROTA2=-9.6336325482068062E+001
CD1_1=-3.6562742785661558E-005
CD1_2= 3.3002920928001006E-004
CD2_1=-3.3002900263644897E-004
CD2_2=-3.6647344373862546E-005
CMDLINE="C:\Program Files\astap\astap.exe"   -f "C:\skytrack\Images\Streak_47799_215148.fits" -s 500
DIMENSIONS=6248 x 4176
WARNING=Warning inexact scale! Set FOV=1.39d or scale=1.2"/pix or FL=649mm 
