PLTSOLVD=T
CRPIX1= 3.1245000000000000E+003
CRPIX2= 2.0885000000000000E+003
CRVAL1= 1.0518458290178881E+002
CRVAL2= 2.1919191083702735E+001
CDELT1= 3.3212612675499043E-004
CDELT2= 3.3203227222306501E-004
CROTA1= 8.3468253446102892E+001
CROTA2= 8.3490946293339661E+001
CD1_1= 3.7780581277074523E-005
CD1_2=-3.2997028919531278E-004
CD2_1= 3.2989197733489917E-004
CD2_2= 3.7639249297533927E-005
CMDLINE="C:\Program Files\astap\astap.exe"   -f "C:\skytrack\Images\Streak_59552_220849.fits" -s 500
DIMENSIONS=6248 x 4176
WARNING=Warning inexact scale! Set FOV=1.39d or scale=1.2"/pix or FL=649mm 
