PLTSOLVD=T
CRPIX1= 3.1245000000000000E+003
CRPIX2= 2.0885000000000000E+003
CRVAL1= 2.2355954322728829E+002
CRVAL2= 6.3728695227134438E+001
CDELT1= 3.3204181894517517E-004
CDELT2= 3.3186643249965978E-004
CROTA1=-9.6263256734685811E+001
CROTA2=-9.6261506541599871E+001
CD1_1=-3.6224723287974392E-005
CD1_2= 3.3005990206495881E-004
CD2_1=-3.2988666828451642E-004
CD2_2=-3.6195512265923814E-005
CMDLINE="C:\Program Files\astap\astap.exe"   -f "C:\skytrack\Images\Streak_65437_212955.fits" -s 500
DIMENSIONS=6248 x 4176
WARNING=Warning inexact scale! Set FOV=1.39d or scale=1.2"/pix or FL=649mm 
