PLTSOLVD=T
CRPIX1= 3.1245000000000000E+003
CRPIX2= 2.0885000000000000E+003
CRVAL1= 2.3588189657827206E+002
CRVAL2= 5.4659327588613074E+001
CDELT1= 3.3221599241186408E-004
CDELT2= 3.3206934614203311E-004
CROTA1=-9.6314728956760447E+001
CROTA2=-9.6336672578873248E+001
CD1_1=-3.6540378470034174E-005
CD1_2= 3.3020034275491961E-004
CD2_1=-3.3004057365848668E-004
CD2_2=-3.6650653287143528E-005
CMDLINE="C:\Program Files\astap\astap.exe"   -f "C:\skytrack\Images\Streak_48390_212426.fits" -s 500
DIMENSIONS=6248 x 4176
WARNING=Warning inexact scale! Set FOV=1.39d or scale=1.2"/pix or FL=649mm 
