PLTSOLVD=T
CRPIX1= 3.1245000000000000E+003
CRPIX2= 2.0885000000000000E+003
CRVAL1= 8.8202173914829658E+001
CRVAL2= 9.8573432491626622E+000
CDELT1= 3.3222793852482425E-004
CDELT2= 3.3217838827904431E-004
CROTA1= 8.3450509221859804E+001
CROTA2= 8.3524713729839121E+001
CD1_1= 3.7894382449918963E-005
CD1_2=-3.3005972022528540E-004
CD2_1= 3.3005928676630363E-004
CD2_2= 3.7461298148655795E-005
CMDLINE="C:\Program Files\astap\astap.exe"   -f "C:\skytrack\Images\Streak_51128_212606.fits" -s 500
DIMENSIONS=6248 x 4176
WARNING=Warning inexact scale! Set FOV=1.39d or scale=1.2"/pix or FL=649mm 
