PLTSOLVD=T
CRPIX1= 3.1245000000000000E+003
CRPIX2= 2.0885000000000000E+003
CRVAL1= 1.5727425557917047E+002
CRVAL2= 8.0284248993325377E+001
CDELT1= 3.3206432358862738E-004
CDELT2= 3.3202153492744121E-004
CROTA1= 8.3124017224297674E+001
CROTA2= 8.3134238619763195E+001
CD1_1= 3.9754968159815324E-005
CD1_2=-3.2967598867218815E-004
CD2_1= 3.2964059377155614E-004
CD2_2= 3.9691039209246787E-005
CMDLINE="C:\Program Files\astap\astap.exe"   -f "C:\skytrack\Images\Streak_43071_220251.fits" -s 500
DIMENSIONS=6248 x 4176
WARNING=Warning inexact scale! Set FOV=1.39d or scale=1.2"/pix or FL=649mm 
