PLTSOLVD=T
CRPIX1= 3.1245000000000000E+003
CRPIX2= 2.0885000000000000E+003
CRVAL1= 7.0904315000544983E+001
CRVAL2= 4.3155012249841356E+001
CDELT1= 3.3218606902244737E-004
CDELT2= 3.3196463145825360E-004
CROTA1= 8.3444780495799989E+001
CROTA2= 8.3475010394699510E+001
CD1_1= 3.7922603472167725E-005
CD1_2=-3.3001433392881418E-004
CD2_1= 3.2981429320969789E-004
CD2_2= 3.7723315519736373E-005
CMDLINE="C:\Program Files\astap\astap.exe"   -f "C:\skytrack\Images\Streak_52334_210620.fits" -s 500
DIMENSIONS=6248 x 4176
WARNING=Warning inexact scale! Set FOV=1.39d or scale=1.2"/pix or FL=649mm 
