PLTSOLVD=T
CRPIX1= 3.1245000000000000E+003
CRPIX2= 2.0885000000000000E+003
CRVAL1= 7.4878259827931018E+001
CRVAL2= 5.7685635799815884E+001
CDELT1= 3.3216484755909075E-004
CDELT2= 3.3200498589850672E-004
CROTA1= 8.3433182304971567E+001
CROTA2= 8.3453602990886424E+001
CD1_1= 3.7986979454636962E-005
CD1_2=-3.2998556839029640E-004
CD2_1= 3.2984026696245195E-004
CD2_2= 3.7851142011913677E-005
CMDLINE="C:\Program Files\astap\astap.exe"   -f "C:\skytrack\Images\Streak_47799_215001.fits" -s 500
DIMENSIONS=6248 x 4176
WARNING=Warning inexact scale! Set FOV=1.39d or scale=1.2"/pix or FL=649mm 
