PLTSOLVD=T
CRPIX1= 3.1245000000000000E+003
CRPIX2= 2.0885000000000000E+003
CRVAL1= 1.8634431466409035E+002
CRVAL2= 2.4700994169631503E+001
CDELT1= 3.3200355639556508E-004
CDELT2= 3.3199319061287086E-004
CROTA1=-9.6304458615157472E+001
CROTA2=-9.6314846880252176E+001
CD1_1=-3.6457861099206832E-005
CD1_2= 3.2999573606847421E-004
CD2_1=-3.2997881760234919E-004
CD2_2=-3.6516551686455349E-005
CMDLINE="C:\Program Files\astap\astap.exe"   -f "C:\skytrack\Images\Streak_53923_211236.fits" -s 500
DIMENSIONS=6248 x 4176
WARNING=Warning inexact scale! Set FOV=1.39d or scale=1.2"/pix or FL=649mm 
