PLTSOLVD=T
CRPIX1= 3.1245000000000000E+003
CRPIX2= 2.0885000000000000E+003
CRVAL1= 3.4622689994797764E+002
CRVAL2= 7.1311814785891031E+001
CDELT1= 3.3203152975434894E-004
CDELT2= 3.3244116873214886E-004
CROTA1= 8.3188980982709566E+001
CROTA2= 8.3178787293656939E+001
CD1_1= 3.9377256489662211E-005
CD1_2=-3.2968828978652010E-004
CD2_1= 3.3008801821623318E-004
CD2_2= 3.9484565314522424E-005
CMDLINE="C:\Program Files\astap\astap.exe"   -f "C:\skytrack\Images\Streak_43071_220059.fits" -s 500
DIMENSIONS=6248 x 4176
WARNING=Warning inexact scale! Set FOV=1.39d or scale=1.2"/pix or FL=648mm 
