PLTSOLVD=T
CRPIX1= 3.1245000000000000E+003
CRPIX2= 2.0885000000000000E+003
CRVAL1= 5.9765375024877756E+001
CRVAL2= 3.7757458701434665E+001
CDELT1= 3.3227377932065473E-004
CDELT2= 3.3211678882190480E-004
CROTA1= 8.3426767184377354E+001
CROTA2= 8.3495370645370613E+001
CD1_1= 3.8036395794711993E-005
CD1_2=-3.3008952879329446E-004
CD2_1= 3.2997885537637962E-004
CD2_2= 3.7623349423835856E-005
CMDLINE="C:\Program Files\astap\astap.exe"   -f "C:\skytrack\Images\Streak_44768_211629.fits" -s 500
DIMENSIONS=6248 x 4176
WARNING=Warning inexact scale! Set FOV=1.39d or scale=1.2"/pix or FL=649mm 
