PLTSOLVD=T
CRPIX1= 3.1245000000000000E+003
CRPIX2= 2.0885000000000000E+003
CRVAL1= 8.1734404052061819E+001
CRVAL2= 4.5083018614833755E+001
CDELT1= 3.3216739076103314E-004
CDELT2= 3.3203670376944530E-004
CROTA1= 8.3466282129465739E+001
CROTA2= 8.3463994889292422E+001
CD1_1= 3.7796629545790642E-005
CD1_2=-3.3000998512161897E-004
CD2_1= 3.2987863842773622E-004
CD2_2= 3.7794927690647341E-005
CMDLINE="C:\Program Files\astap\astap.exe"   -f "C:\skytrack\Images\Streak_45081_214417.fits" -s 500
DIMENSIONS=6248 x 4176
WARNING=Warning inexact scale! Set FOV=1.39d or scale=1.2"/pix or FL=649mm 
