PLTSOLVD=T
CRPIX1= 3.1245000000000000E+003
CRPIX2= 2.0885000000000000E+003
CRVAL1= 9.4695848770550555E+001
CRVAL2= 4.6947585488425808E+001
CDELT1= 3.3209406254724853E-004
CDELT2= 3.3198683561236504E-004
CROTA1= 8.3467637846943433E+001
CROTA2= 8.3475770124329571E+001
CD1_1= 3.7780478787234347E-005
CD1_2=-3.2993802721381356E-004
CD2_1= 3.2983685374135936E-004
CD2_2= 3.7721465161265863E-005
CMDLINE="C:\Program Files\astap\astap.exe"   -f "C:\skytrack\Images\Streak_45081_214432.fits" -s 500
DIMENSIONS=6248 x 4176
WARNING=Warning inexact scale! Set FOV=1.39d or scale=1.2"/pix or FL=649mm 
