PLTSOLVD=T
CRPIX1= 3.1245000000000000E+003
CRPIX2= 2.0885000000000000E+003
CRVAL1= 1.6325948794107521E+002
CRVAL2= 6.9265022356555024E+000
CDELT1= 3.3205287069699822E-004
CDELT2= 3.3207370565129326E-004
CROTA1=-9.6322758571980458E+001
CROTA2=-9.6326676841724819E+001
CD1_1=-3.6568689001205658E-005
CD1_2= 3.3003308913327241E-004
CD2_1=-3.3005129561360775E-004
CD2_2=-3.6593554743433529E-005
CMDLINE="C:\Program Files\astap\astap.exe"   -f "C:\skytrack\Images\Streak_43071_220523.fits" -s 500
DIMENSIONS=6248 x 4176
WARNING=Warning inexact scale! Set FOV=1.39d or scale=1.2"/pix or FL=649mm 
