PLTSOLVD=T
CRPIX1= 3.1245000000000000E+003
CRPIX2= 2.0885000000000000E+003
CRVAL1= 2.6140192756825826E+002
CRVAL2= 6.2265891826997660E+001
CDELT1= 3.3222132123681683E-004
CDELT2= 3.3207159485929851E-004
CROTA1=-9.6336745871178607E+001
CROTA2=-9.6347991955346998E+001
CD1_1=-3.6667849229840028E-005
CD1_2= 3.3019157335885174E-004
CD2_1=-3.3003556143014923E-004
CD2_2=-3.6716104149055291E-005
CMDLINE="C:\Program Files\astap\astap.exe"   -f "C:\skytrack\Images\Streak_54062_225046.fits" -s 500
DIMENSIONS=6248 x 4176
WARNING=Warning inexact scale! Set FOV=1.39d or scale=1.2"/pix or FL=649mm 
