PLTSOLVD=T
CRPIX1= 3.1245000000000000E+003
CRPIX2= 2.0885000000000000E+003
CRVAL1= 1.3093582189846006E+002
CRVAL2= 2.9844457403881442E+001
CDELT1= 3.3204193613363772E-004
CDELT2= 3.3200752844181781E-004
CROTA1= 8.3458440352330626E+001
CROTA2= 8.3459039806378939E+001
CD1_1= 3.7827503675073053E-005
CD1_2=-3.2988017114868708E-004
CD2_1= 3.2984638317794506E-004
CD2_2= 3.7820132819342513E-005
CMDLINE="C:\Program Files\astap\astap.exe"   -f "C:\skytrack\Images\Streak_58354_223350.fits" -s 500
DIMENSIONS=6248 x 4176
WARNING=Warning inexact scale! Set FOV=1.39d or scale=1.2"/pix or FL=649mm 
