PLTSOLVD=T
CRPIX1= 3.1245000000000000E+003
CRPIX2= 2.0885000000000000E+003
CRVAL1= 1.6760120947430227E+002
CRVAL2= 4.3345646636756179E+000
CDELT1= 3.3208222108482323E-004
CDELT2= 3.3209144100537107E-004
CROTA1=-9.6304727883792893E+001
CROTA2=-9.6301611689096006E+001
CD1_1=-3.6468050622209343E-005
CD1_2= 3.3007375364370518E-004
CD2_1=-3.3008490078723643E-004
CD2_2=-3.6451110563385277E-005
CMDLINE="C:\Program Files\astap\astap.exe"   -f "C:\skytrack\Images\Streak_52331_211423.fits" -s 500
DIMENSIONS=6248 x 4176
WARNING=Warning inexact scale! Set FOV=1.39d or scale=1.2"/pix or FL=649mm 
