PLTSOLVD=T
CRPIX1= 3.1245000000000000E+003
CRPIX2= 2.0885000000000000E+003
CRVAL1= 6.8595776649744451E+001
CRVAL2= 4.0062344539907151E+001
CDELT1= 3.3219088169078728E-004
CDELT2= 3.3204168506547498E-004
CROTA1= 8.3446521359216931E+001
CROTA2= 8.3482889011376457E+001
CD1_1= 3.7913125638105809E-005
CD1_2=-3.3002026723044121E-004
CD2_1= 3.2989603302885562E-004
CD2_2= 3.7686708704054478E-005
CMDLINE="C:\Program Files\astap\astap.exe"   -f "C:\skytrack\Images\Streak_44768_211653.fits" -s 500
DIMENSIONS=6248 x 4176
WARNING=Warning inexact scale! Set FOV=1.39d or scale=1.2"/pix or FL=649mm 
