PLTSOLVD=T
CRPIX1= 3.1245000000000000E+003
CRPIX2= 2.0885000000000000E+003
CRVAL1= 2.0728894069455734E+002
CRVAL2= 2.6024266654499002E+001
CDELT1= 3.3197419468581675E-004
CDELT2= 3.3190110800011726E-004
CROTA1=-9.6336888785642117E+001
CROTA2=-9.6333436774923186E+001
CD1_1=-3.6641396432778698E-005
CD1_2= 3.2994586526391347E-004
CD2_1=-3.2987543165165288E-004
CD2_2=-3.6613454963185293E-005
CMDLINE="C:\Program Files\astap\astap.exe"   -f "C:\skytrack\Images\Streak_55463_214050.fits" -s 500
DIMENSIONS=6248 x 4176
WARNING=Warning inexact scale! Set FOV=1.39d or scale=1.2"/pix or FL=649mm 
