PLTSOLVD=T
CRPIX1= 3.1245000000000000E+003
CRPIX2= 2.0885000000000000E+003
CRVAL1= 9.5238481552662876E+001
CRVAL2= 1.8368187878727824E+001
CDELT1= 3.3202833622568390E-004
CDELT2= 3.3195510694375598E-004
CROTA1= 8.3479502351956882E+001
CROTA2= 8.3509053517811950E+001
CD1_1= 3.7704692374535103E-005
CD1_2=-3.2988054236304614E-004
CD2_1= 3.2982718538930475E-004
CD2_2= 3.7526268189225378E-005
CMDLINE="C:\Program Files\astap\astap.exe"   -f "C:\skytrack\Images\Streak_63594_211702.fits" -s 500
DIMENSIONS=6248 x 4176
WARNING=Warning inexact scale! Set FOV=1.39d or scale=1.2"/pix or FL=649mm 
