PLTSOLVD=T
CRPIX1= 3.1245000000000000E+003
CRPIX2= 2.0885000000000000E+003
CRVAL1= 1.0506076749316931E+002
CRVAL2= 1.3439564919460386E+001
CDELT1= 3.3219147325660916E-004
CDELT2= 3.3215320226677089E-004
CROTA1= 8.3457196183271193E+001
CROTA2= 8.3508436113600951E+001
CD1_1= 3.7851706037824424E-005
CD1_2=-3.3002791284135740E-004
CD2_1= 3.3002360623435588E-004
CD2_2= 3.7552218365114452E-005
CMDLINE="C:\Program Files\astap\astap.exe"   -f "C:\skytrack\Images\Streak_63994_222946.fits" -s 500
DIMENSIONS=6248 x 4176
WARNING=Warning inexact scale! Set FOV=1.39d or scale=1.2"/pix or FL=649mm 
