PLTSOLVD=T
CRPIX1= 3.1245000000000000E+003
CRPIX2= 2.0885000000000000E+003
CRVAL1= 1.3794149396301563E+002
CRVAL2= 3.1076317115908171E+001
CDELT1= 3.3203182917306191E-004
CDELT2= 3.3191370138231413E-004
CROTA1= 8.3462530662769950E+001
CROTA2= 8.3465723423679250E+001
CD1_1= 3.7802802929024411E-005
CD1_2=-3.2987282954908349E-004
CD2_1= 3.2975757514016262E-004
CD2_2= 3.7770978316533036E-005
CMDLINE="C:\Program Files\astap\astap.exe"   -f "C:\skytrack\Images\Streak_55489_220633.fits" -s 500
DIMENSIONS=6248 x 4176
WARNING=Warning inexact scale! Set FOV=1.39d or scale=1.2"/pix or FL=649mm 
