PLTSOLVD=T
CRPIX1= 3.1245000000000000E+003
CRPIX2= 2.0885000000000000E+003
CRVAL1= 1.1778830012573432E+002
CRVAL2= 7.2978257646126794E+000
CDELT1= 3.3208618429503772E-004
CDELT2= 3.3206548725902901E-004
CROTA1= 8.3469241711505632E+001
CROTA2= 8.3495369438271211E+001
CD1_1= 3.7770346865026250E-005
CD1_2=-3.2993125753304030E-004
CD2_1= 3.2992788326423084E-004
CD2_2= 3.7617544754547972E-005
CMDLINE="C:\Program Files\astap\astap.exe"   -f "C:\skytrack\Images\Streak_47587_215245.fits" -s 500
DIMENSIONS=6248 x 4176
WARNING=Warning inexact scale! Set FOV=1.39d or scale=1.2"/pix or FL=649mm 
