PLTSOLVD=T
CRPIX1= 3.1245000000000000E+003
CRPIX2= 2.0885000000000000E+003
CRVAL1= 1.5213693052102849E+002
CRVAL2= 1.2732315312541807E+001
CDELT1= 3.3200557892978905E-004
CDELT2= 3.3204374978552812E-004
CROTA1= 8.3457059997371090E+001
CROTA2= 8.3445612881466005E+001
CD1_1= 3.7831308227330389E-005
CD1_2=-3.2984313932278949E-004
CD2_1= 3.2987349579714905E-004
CD2_2= 3.7901563849037592E-005
CMDLINE="C:\Program Files\astap\astap.exe"   -f "C:\skytrack\Images\Streak_57166_221759.fits" -s 500
DIMENSIONS=6248 x 4176
WARNING=Warning inexact scale! Set FOV=1.39d or scale=1.2"/pix or FL=649mm 
