PLTSOLVD=T
CRPIX1= 3.1245000000000000E+003
CRPIX2= 2.0885000000000000E+003
CRVAL1= 1.3724539472928777E+002
CRVAL2= 7.6285010489678475E+000
CDELT1= 3.3206231435309211E-004
CDELT2= 3.3207250463452263E-004
CROTA1= 8.3455709149142180E+001
CROTA2= 8.3463758844589663E+001
CD1_1= 3.7845551051905049E-005
CD1_2=-3.2989861302998747E-004
CD2_1= 3.2991405088035342E-004
CD2_2= 3.7800361981873143E-005
CMDLINE="C:\Program Files\astap\astap.exe"   -f "C:\skytrack\Images\Streak_54068_222606.fits" -s 500
DIMENSIONS=6248 x 4176
WARNING=Warning inexact scale! Set FOV=1.39d or scale=1.2"/pix or FL=649mm 
