PLTSOLVD=T
CRPIX1= 3.1245000000000000E+003
CRPIX2= 2.0885000000000000E+003
CRVAL1= 6.3751101305256398E+001
CRVAL2= 3.8909116304867581E+001
CDELT1= 3.3228778019751869E-004
CDELT2= 3.3208836336842158E-004
CROTA1= 8.3443264943561445E+001
CROTA2= 8.3484609165914549E+001
CD1_1= 3.7942946886912774E-005
CD1_2=-3.3011437661836454E-004
CD2_1= 3.2994354115110670E-004
CD2_2= 3.7682101021370572E-005
CMDLINE="C:\Program Files\astap\astap.exe"   -f "C:\skytrack\Images\Streak_44768_211641.fits" -s 500
DIMENSIONS=6248 x 4176
WARNING=Warning inexact scale! Set FOV=1.39d or scale=1.2"/pix or FL=649mm 
