PLTSOLVD=T
CRPIX1= 3.1245000000000000E+003
CRPIX2= 2.0885000000000000E+003
CRVAL1= 1.6960671822144232E+002
CRVAL2= 6.4418218801058398E+000
CDELT1= 3.3210055894899781E-004
CDELT2= 3.3224997697759606E-004
CROTA1=-9.6279300468530806E+001
CROTA2=-9.6274412269883229E+001
CD1_1=-3.6323568613796298E-005
CD1_2= 3.3010813321909474E-004
CD2_1=-3.3025975396289251E-004
CD2_2=-3.6311735210298402E-005
CMDLINE="C:\Program Files\astap\astap.exe"   -f "C:\skytrack\Images\Streak_40339_211729.fits" -s 500
DIMENSIONS=6248 x 4176
WARNING=Warning inexact scale! Set FOV=1.39d or scale=1.2"/pix or FL=648mm 
