PLTSOLVD=T
CRPIX1= 3.1245000000000000E+003
CRPIX2= 2.0885000000000000E+003
CRVAL1= 2.3593746508510301E+002
CRVAL2= 4.9420322157343556E+001
CDELT1= 3.3218847754145058E-004
CDELT2= 3.3205394428302169E-004
CROTA1=-9.6353261316038186E+001
CROTA2=-9.6369980299163700E+001
CD1_1=-3.6759390634425616E-005
CD1_2= 3.3014834818834474E-004
CD2_1=-3.3000390501954671E-004
CD2_2=-3.6840800558104894E-005
CMDLINE="C:\Program Files\astap\astap.exe"   -f "C:\skytrack\Images\Streak_54068_222829.fits" -s 500
DIMENSIONS=6248 x 4176
WARNING=Warning inexact scale! Set FOV=1.39d or scale=1.2"/pix or FL=649mm 
