PLTSOLVD=T
CRPIX1= 3.1245000000000000E+003
CRPIX2= 2.0885000000000000E+003
CRVAL1= 1.0937902641073867E+002
CRVAL2= 1.0883807355042594E+001
CDELT1= 3.3209529847226733E-004
CDELT2= 3.3204057879411016E-004
CROTA1= 8.3471854328910936E+001
CROTA2= 8.3505231944337311E+001
CD1_1= 3.7756338566765134E-005
CD1_2=-3.2994203455367145E-004
CD2_1= 3.2990960499773466E-004
CD2_2= 3.7557935195726184E-005
CMDLINE="C:\Program Files\astap\astap.exe"   -f "C:\skytrack\Images\Streak_48390_212156.fits" -s 500
DIMENSIONS=6248 x 4176
WARNING=Warning inexact scale! Set FOV=1.39d or scale=1.2"/pix or FL=649mm 
