PLTSOLVD=T
CRPIX1= 3.1245000000000000E+003
CRPIX2= 2.0885000000000000E+003
CRVAL1= 8.3530627948656075E+001
CRVAL2= 1.1115046951722148E+001
CDELT1= 3.3221090843675550E-004
CDELT2= 3.3218617912126680E-004
CROTA1= 8.3478047191434257E+001
CROTA2= 8.3493303323478344E+001
CD1_1= 3.7733807713592122E-005
CD1_2=-3.3006097533608546E-004
CD2_1= 3.3004644098185093E-004
CD2_2= 3.7643118818715553E-005
CMDLINE="C:\Program Files\astap\astap.exe"   -f "C:\skytrack\Images\Streak_39012_210824.fits" -s 500
DIMENSIONS=6248 x 4176
WARNING=Warning inexact scale! Set FOV=1.39d or scale=1.2"/pix or FL=649mm 
