PLTSOLVD=T
CRPIX1= 3.1245000000000000E+003
CRPIX2= 2.0885000000000000E+003
CRVAL1= 1.9057762864164852E+002
CRVAL2= 3.0563244758192791E+001
CDELT1= 3.3206597110347014E-004
CDELT2= 3.3193739296443950E-004
CROTA1=-9.6305836355768491E+001
CROTA2=-9.6320673189738812E+001
CD1_1=-3.6472651556733817E-005
CD1_2= 3.3005689638804968E-004
CD2_1=-3.2991964411971543E-004
CD2_2=-3.6543963550072547E-005
CMDLINE="C:\Program Files\astap\astap.exe"   -f "C:\skytrack\Images\Streak_62895_212719.fits" -s 500
DIMENSIONS=6248 x 4176
WARNING=Warning inexact scale! Set FOV=1.39d or scale=1.2"/pix or FL=649mm 
