PLTSOLVD=T
CRPIX1= 3.1245000000000000E+003
CRPIX2= 2.0885000000000000E+003
CRVAL1= 1.2532414242536856E+002
CRVAL2= 2.4932122453408020E+001
CDELT1= 3.3193139189115201E-004
CDELT2= 3.3190764942426360E-004
CROTA1= 8.3493618555367718E+001
CROTA2= 8.3483638258542598E+001
CD1_1= 3.7612432029115050E-005
CD1_2=-3.2979350187602657E-004
CD2_1= 3.2976335612096785E-004
CD2_2= 3.7667183411765759E-005
CMDLINE="C:\Program Files\astap\astap.exe"   -f "C:\skytrack\Images\Streak_55463_213903.fits" -s 500
DIMENSIONS=6248 x 4176
WARNING=Warning inexact scale! Set FOV=1.39d or scale=1.2"/pix or FL=649mm 
