PLTSOLVD=T
CRPIX1= 3.1245000000000000E+003
CRPIX2= 2.0885000000000000E+003
CRVAL1= 9.4621011840645281E+001
CRVAL2= 1.3731777413376960E+001
CDELT1= 3.3222273964137231E-004
CDELT2= 3.3213805614890567E-004
CROTA1= 8.3458520774248896E+001
CROTA2= 8.3511581061618500E+001
CD1_1= 3.7847638230128312E-005
CD1_2=-3.3005985065624136E-004
CD2_1= 3.3001061786441652E-004
CD2_2= 3.7532391865156473E-005
CMDLINE="C:\Program Files\astap\astap.exe"   -f "C:\skytrack\Images\Streak_59504_214925.fits" -s 500
DIMENSIONS=6248 x 4176
WARNING=Warning inexact scale! Set FOV=1.39d or scale=1.2"/pix or FL=649mm 
