PLTSOLVD=T
CRPIX1= 3.1245000000000000E+003
CRPIX2= 2.0885000000000000E+003
CRVAL1= 1.8518398351120641E+002
CRVAL2= 4.2056028512482193E+001
CDELT1= 3.3199531041259815E-004
CDELT2= 3.3190526126975834E-004
CROTA1=-9.6296371021960638E+001
CROTA2=-9.6283372406890521E+001
CD1_1=-3.6410375797049070E-005
CD1_2= 3.2999268275262568E-004
CD2_1=-3.2991142643646048E-004
CD2_2=-3.6325654367216888E-005
CMDLINE="C:\Program Files\astap\astap.exe"   -f "C:\skytrack\Images\Streak_65437_213044.fits" -s 500
DIMENSIONS=6248 x 4176
WARNING=Warning inexact scale! Set FOV=1.39d or scale=1.2"/pix or FL=649mm 
