PLTSOLVD=T
CRPIX1= 3.1245000000000000E+003
CRPIX2= 2.0885000000000000E+003
CRVAL1= 2.4706536774596819E+002
CRVAL2= 7.4626690056830313E+001
CDELT1= 3.3201484971354285E-004
CDELT2= 3.3189093623235493E-004
CROTA1=-9.6206035316221417E+001
CROTA2=-9.6208316042275484E+001
CD1_1=-3.5892158258124488E-005
CD1_2= 3.3006910398563537E-004
CD2_1=-3.2994448823136119E-004
CD2_2=-3.5891896563628588E-005
CMDLINE="C:\Program Files\astap\astap.exe"   -f "C:\skytrack\Images\Streak_58932_212327.fits" -s 500
DIMENSIONS=6248 x 4176
WARNING=Warning inexact scale! Set FOV=1.39d or scale=1.2"/pix or FL=649mm 
