PLTSOLVD=T
CRPIX1= 3.1245000000000000E+003
CRPIX2= 2.0885000000000000E+003
CRVAL1= 9.8705696353193886E+001
CRVAL2= 4.3987393171121560E+000
CDELT1= 3.3219028806756172E-004
CDELT2= 3.3221083018244497E-004
CROTA1= 8.3465395324695024E+001
CROTA2= 8.3509627614333056E+001
CD1_1= 3.7804343113122854E-005
CD1_2=-3.3003214862827366E-004
CD2_1= 3.3008164565481507E-004
CD2_2= 3.7551869358507112E-005
CMDLINE="C:\Program Files\astap\astap.exe"   -f "C:\skytrack\Images\Streak_46146_212111.fits" -s 500
DIMENSIONS=6248 x 4176
WARNING=Warning inexact scale! Set FOV=1.39d or scale=1.2"/pix or FL=648mm 
