PLTSOLVD=T
CRPIX1= 3.1245000000000000E+003
CRPIX2= 2.0885000000000000E+003
CRVAL1= 7.4183485664952912E+001
CRVAL2= 6.4612939662169708E+001
CDELT1= 3.3213533950384263E-004
CDELT2= 3.3202306374655993E-004
CROTA1= 8.3425429362827444E+001
CROTA2= 8.3444545686767782E+001
CD1_1= 3.8028252333278474E-005
CD1_2=-3.2995111118438335E-004
CD2_1= 3.2985223899304394E-004
CD2_2= 3.7905346468908946E-005
CMDLINE="C:\Program Files\astap\astap.exe"   -f "C:\skytrack\Images\Streak_57166_222057.fits" -s 500
DIMENSIONS=6248 x 4176
WARNING=Warning inexact scale! Set FOV=1.39d or scale=1.2"/pix or FL=649mm 
