PLTSOLVD=T
CRPIX1= 3.1245000000000000E+003
CRPIX2= 2.0885000000000000E+003
CRVAL1= 1.0495634793051154E+002
CRVAL2= 1.6699724018773491E+001
CDELT1= 3.3207285905025448E-004
CDELT2= 3.3205002026975194E-004
CROTA1= 8.3484045529521651E+001
CROTA2= 8.3495097153529613E+001
CD1_1= 3.7683587348595715E-005
CD1_2=-3.2992776627975849E-004
CD2_1= 3.2991233707660038E-004
CD2_2= 3.7617360431033573E-005
CMDLINE="C:\Program Files\astap\astap.exe"   -f "C:\skytrack\Images\Streak_46146_212147.fits" -s 500
DIMENSIONS=6248 x 4176
WARNING=Warning inexact scale! Set FOV=1.39d or scale=1.2"/pix or FL=649mm 
