PLTSOLVD=T
CRPIX1= 3.1245000000000000E+003
CRPIX2= 2.0885000000000000E+003
CRVAL1= 4.1075667281213811E+001
CRVAL2= 6.0666892202218300E+001
CDELT1= 3.3239695773034777E-004
CDELT2= 3.3218230157003076E-004
CROTA1= 8.3344403513731152E+001
CROTA2= 8.3380095944606111E+001
CD1_1= 3.8525142220116246E-005
CD1_2=-3.3015685806190730E-004
CD2_1= 3.2996756825306588E-004
CD2_2= 3.8294717357896524E-005
CMDLINE="C:\Program Files\astap\astap.exe"   -f "C:\skytrack\Images\Streak_42954_212333.fits" -s 500
DIMENSIONS=6248 x 4176
WARNING=Warning inexact scale! Set FOV=1.39d or scale=1.2"/pix or FL=649mm 
