PLTSOLVD=T
CRPIX1= 3.1245000000000000E+003
CRPIX2= 2.0885000000000000E+003
CRVAL1= 1.7084632570572495E+002
CRVAL2= 7.5037439539055324E+000
CDELT1= 3.3207149871107772E-004
CDELT2= 3.3206153340327286E-004
CROTA1=-9.6306169231244183E+001
CROTA2=-9.6302355541814379E+001
CD1_1=-3.6475176271571204E-005
CD1_2= 3.3006217864544718E-004
CD2_1=-3.3005470067254096E-004
CD2_2=-3.6452112834406507E-005
CMDLINE="C:\Program Files\astap\astap.exe"   -f "C:\skytrack\Images\Streak_44768_211907.fits" -s 500
DIMENSIONS=6248 x 4176
WARNING=Warning inexact scale! Set FOV=1.39d or scale=1.2"/pix or FL=649mm 
