PLTSOLVD=T
CRPIX1= 3.1245000000000000E+003
CRPIX2= 2.0885000000000000E+003
CRVAL1= 1.0368208264200987E+002
CRVAL2= 2.2238298668886568E+001
CDELT1= 3.3210098571454780E-004
CDELT2= 3.3199755700859561E-004
CROTA1= 8.3475046499405224E+001
CROTA2= 8.3501089655570112E+001
CD1_1= 3.7738602430503422E-005
CD1_2=-3.2994978799685067E-004
CD2_1= 3.2986414349749494E-004
CD2_2= 3.7576917041446544E-005
CMDLINE="C:\Program Files\astap\astap.exe"   -f "C:\skytrack\Images\Streak_59542_214149.fits" -s 500
DIMENSIONS=6248 x 4176
WARNING=Warning inexact scale! Set FOV=1.39d or scale=1.2"/pix or FL=649mm 
