PLTSOLVD=T
CRPIX1= 3.1245000000000000E+003
CRPIX2= 2.0885000000000000E+003
CRVAL1= 9.7241942713132403E+001
CRVAL2= 1.4685210888296396E+000
CDELT1= 3.3216387603056288E-004
CDELT2= 3.3220765797345090E-004
CROTA1= 8.3461225937320677E+001
CROTA2= 8.3509557182927253E+001
CD1_1= 3.7825351613974615E-005
CD1_2=-3.3000315652267074E-004
CD2_1= 3.3007844761612438E-004
CD2_2= 3.7551916536107684E-005
CMDLINE="C:\Program Files\astap\astap.exe"   -f "C:\skytrack\Images\Streak_46146_212100.fits" -s 500
DIMENSIONS=6248 x 4176
WARNING=Warning inexact scale! Set FOV=1.39d or scale=1.2"/pix or FL=648mm 
