PLTSOLVD=T
CRPIX1= 3.1245000000000000E+003
CRPIX2= 2.0885000000000000E+003
CRVAL1= 5.5020256041885773E+001
CRVAL2= 4.6509613012847851E+001
CDELT1= 3.3238279476557452E-004
CDELT2= 3.3215849905154302E-004
CROTA1= 8.3409868468040187E+001
CROTA2= 8.3446211120666675E+001
CD1_1= 3.8146261435743927E-005
CD1_2=-3.3018659117936620E-004
CD2_1= 3.2998789091465944E-004
CD2_2= 3.7911216570676320E-005
CMDLINE="C:\Program Files\astap\astap.exe"   -f "C:\skytrack\Images\Streak_48104_205508.fits" -s 500
DIMENSIONS=6248 x 4176
WARNING=Warning inexact scale! Set FOV=1.39d or scale=1.2"/pix or FL=649mm 
