PLTSOLVD=T
CRPIX1= 3.1245000000000000E+003
CRPIX2= 2.0885000000000000E+003
CRVAL1= 7.3524279388533529E+001
CRVAL2= 3.6500957587991621E+001
CDELT1= 3.3213218472907677E-004
CDELT2= 3.3190640431530403E-004
CROTA1= 8.3440417152451815E+001
CROTA2= 8.3522506522822042E+001
CD1_1= 3.7941579960497393E-005
CD1_2=-3.2995791344201877E-004
CD2_1= 3.2978759571347823E-004
CD2_2= 3.7443329700195185E-005
CMDLINE="C:\Program Files\astap\astap.exe"   -f "C:\skytrack\Images\Streak_66221_214403.fits" -s 500
DIMENSIONS=6248 x 4176
WARNING=Warning inexact scale! Set FOV=1.39d or scale=1.2"/pix or FL=649mm 
