PLTSOLVD=T
CRPIX1= 3.1245000000000000E+003
CRPIX2= 2.0885000000000000E+003
CRVAL1= 9.7081907772328449E+001
CRVAL2= 1.8528724143587201E+001
CDELT1= 3.3216368005447775E-004
CDELT2= 3.3208680554026382E-004
CROTA1= 8.3461669978492054E+001
CROTA2= 8.3509355000970359E+001
CD1_1= 3.7822771779445512E-005
CD1_2=-3.3000325495705866E-004
CD2_1= 3.2995823729462968E-004
CD2_2= 3.7539420018932796E-005
CMDLINE="C:\Program Files\astap\astap.exe"   -f "C:\skytrack\Images\Streak_55489_220510.fits" -s 500
DIMENSIONS=6248 x 4176
WARNING=Warning inexact scale! Set FOV=1.39d or scale=1.2"/pix or FL=649mm 
