PLTSOLVD=T
CRPIX1= 3.1245000000000000E+003
CRPIX2= 2.0885000000000000E+003
CRVAL1= 2.0742805038310195E+002
CRVAL2= 6.1350909873805932E+001
CDELT1= 3.3210990972875205E-004
CDELT2= 3.3197309260211294E-004
CROTA1=-9.6266054457388265E+001
CROTA2=-9.6247103739212690E+001
CD1_1=-3.6248271692138659E-005
CD1_2= 3.3012581683257181E-004
CD2_1=-3.3000178329414018E-004
CD2_2=-3.6124191817927056E-005
CMDLINE="C:\Program Files\astap\astap.exe"   -f "C:\skytrack\Images\Streak_48390_212354.fits" -s 500
DIMENSIONS=6248 x 4176
WARNING=Warning inexact scale! Set FOV=1.39d or scale=1.2"/pix or FL=649mm 
