PLTSOLVD=T
CRPIX1= 3.1245000000000000E+003
CRPIX2= 2.0885000000000000E+003
CRVAL1= 1.5740778475641406E+002
CRVAL2= 6.3002436083913146E+001
CDELT1= 3.3203498384911181E-004
CDELT2= 3.3202808276822234E-004
CROTA1= 8.3342436280700625E+001
CROTA2= 8.3337315127091557E+001
CD1_1= 3.8494512550019043E-005
CD1_2=-3.2979600210314311E-004
CD2_1= 3.2978570563415622E-004
CD2_2= 3.8523189199794243E-005
CMDLINE="C:\Program Files\astap\astap.exe"   -f "C:\skytrack\Images\Streak_54062_224932.fits" -s 500
DIMENSIONS=6248 x 4176
WARNING=Warning inexact scale! Set FOV=1.39d or scale=1.2"/pix or FL=649mm 
