PLTSOLVD=T
CRPIX1= 3.1245000000000000E+003
CRPIX2= 2.0885000000000000E+003
CRVAL1= 1.5561477420293471E+002
CRVAL2=-7.8652337003037180E+000
CDELT1= 3.3221672746447378E-004
CDELT2= 3.3228817887262534E-004
CROTA1=-9.6269476056149998E+001
CROTA2=-9.6273158456149886E+001
CD1_1=-3.6279651141392591E-005
CD1_2= 3.3022983045185867E-004
CD2_1=-3.3029852165176023E-004
CD2_2=-3.6308682338354457E-005
CMDLINE="C:\Program Files\astap\astap.exe"   -f "C:\skytrack\Images\Streak_40339_211626.fits" -s 500
DIMENSIONS=6248 x 4176
WARNING=Warning inexact scale! Set FOV=1.39d or scale=1.2"/pix or FL=648mm 
