PLTSOLVD=T
CRPIX1= 3.1245000000000000E+003
CRPIX2= 2.0885000000000000E+003
CRVAL1= 5.3357850358652165E+001
CRVAL2= 4.5270846286063943E+001
CDELT1= 3.3238651262092439E-004
CDELT2= 3.3218250300964499E-004
CROTA1= 8.3418532841072405E+001
CROTA2= 8.3453606230452948E+001
CD1_1= 3.8096755701960226E-005
CD1_2=-3.3019604930599196E-004
CD2_1= 3.3001662877849046E-004
CD2_2= 3.7871361679147803E-005
CMDLINE="C:\Program Files\astap\astap.exe"   -f "C:\skytrack\Images\Streak_48093_210336.fits" -s 500
DIMENSIONS=6248 x 4176
WARNING=Warning inexact scale! Set FOV=1.39d or scale=1.2"/pix or FL=649mm 
