PLTSOLVD=T
CRPIX1= 3.1245000000000000E+003
CRPIX2= 2.0885000000000000E+003
CRVAL1= 1.5035567267494639E+002
CRVAL2=-3.1749305242497061E+000
CDELT1= 3.3211854702523317E-004
CDELT2= 3.3209187946343514E-004
CROTA1= 8.3472437156179723E+001
CROTA2= 8.3481841469125001E+001
CD1_1= 3.7755625233081427E-005
CD1_2=-3.2996551644287186E-004
CD2_1= 3.2994521388310535E-004
CD2_2= 3.7698438179699140E-005
CMDLINE="C:\Program Files\astap\astap.exe"   -f "C:\skytrack\Images\Streak_52339_213039.fits" -s 500
DIMENSIONS=6248 x 4176
WARNING=Warning inexact scale! Set FOV=1.39d or scale=1.2"/pix or FL=649mm 
