PLTSOLVD=T
CRPIX1= 3.1245000000000000E+003
CRPIX2= 2.0885000000000000E+003
CRVAL1= 9.5533571200389417E+001
CRVAL2= 2.1022274385491237E+001
CDELT1= 3.3211433046486494E-004
CDELT2= 3.3203994381208216E-004
CROTA1= 8.3472187991534057E+001
CROTA2= 8.3496698023852829E+001
CD1_1= 3.7756580806364878E-005
CD1_2=-3.2996116302670832E-004
CD2_1= 3.2990337637511390E-004
CD2_2= 3.7607001250174688E-005
CMDLINE="C:\Program Files\astap\astap.exe"   -f "C:\skytrack\Images\Streak_57973_213637.fits" -s 500
DIMENSIONS=6248 x 4176
WARNING=Warning inexact scale! Set FOV=1.39d or scale=1.2"/pix or FL=649mm 
