PLTSOLVD=T
CRPIX1= 3.1245000000000000E+003
CRPIX2= 2.0885000000000000E+003
CRVAL1= 1.9137066966871240E+002
CRVAL2= 1.0443526886187628E+001
CDELT1= 3.3220967091203012E-004
CDELT2= 3.3221271849342445E-004
CROTA1=-9.6315916471427201E+001
CROTA2=-9.6338448328924997E+001
CD1_1=-3.6546526777100739E-005
CD1_2= 3.3019330221555071E-004
CD2_1=-3.3018193352757228E-004
CD2_2=-3.6676710604757694E-005
CMDLINE="C:\Program Files\astap\astap.exe"   -f "C:\skytrack\Images\Streak_49445_214038.fits" -s 500
DIMENSIONS=6248 x 4176
WARNING=Warning inexact scale! Set FOV=1.39d or scale=1.2"/pix or FL=648mm 
