PLTSOLVD=T
CRPIX1= 3.1245000000000000E+003
CRPIX2= 2.0885000000000000E+003
CRVAL1= 8.5842944452166535E+001
CRVAL2= 4.4027785717912224E+001
CDELT1= 3.3225123893485865E-004
CDELT2= 3.3210761705212510E-004
CROTA1= 8.3473077337529574E+001
CROTA2= 8.3489622155778008E+001
CD1_1= 3.7767021534773103E-005
CD1_2=-3.3009777015020946E-004
CD2_1= 3.2996596633817505E-004
CD2_2= 3.7655416111833295E-005
CMDLINE="C:\Program Files\astap\astap.exe"   -f "C:\skytrack\Images\Streak_39012_210958.fits" -s 500
DIMENSIONS=6248 x 4176
WARNING=Warning inexact scale! Set FOV=1.39d or scale=1.2"/pix or FL=649mm 
