PLTSOLVD=T
CRPIX1= 3.1245000000000000E+003
CRPIX2= 2.0885000000000000E+003
CRVAL1= 1.1229707989681967E+002
CRVAL2= 2.1991747184149435E+001
CDELT1= 3.3218662669029682E-004
CDELT2= 3.3213437652661657E-004
CROTA1= 8.3505163173289006E+001
CROTA2= 8.3516242795740936E+001
CD1_1= 3.7574851194734709E-005
CD1_2=-3.3005467048592447E-004
CD2_1= 3.3001001441834824E-004
CD2_2= 3.7505125707373439E-005
CMDLINE="C:\Program Files\astap\astap.exe"   -f "C:\skytrack\Images\Streak_50193_205746.fits" -s 500
DIMENSIONS=6248 x 4176
WARNING=Warning inexact scale! Set FOV=1.39d or scale=1.2"/pix or FL=649mm 
