PLTSOLVD=T
CRPIX1= 3.1245000000000000E+003
CRPIX2= 2.0885000000000000E+003
CRVAL1= 1.1951330896462585E+002
CRVAL2= 2.8729072034870903E+001
CDELT1= 3.3226966106564791E-004
CDELT2= 3.3216402535769882E-004
CROTA1= 8.3511127374657917E+001
CROTA2= 8.3534439143308632E+001
CD1_1= 3.7549877701999604E-005
CD1_2=-3.3014108249238754E-004
CD2_1= 3.3005136914128290E-004
CD2_2= 3.7403655834618845E-005
CMDLINE="C:\Program Files\astap\astap.exe"   -f "C:\skytrack\Images\Streak_50193_205800.fits" -s 500
DIMENSIONS=6248 x 4176
WARNING=Warning inexact scale! Set FOV=1.39d or scale=1.2"/pix or FL=649mm 
