PLTSOLVD=T
CRPIX1= 3.1245000000000000E+003
CRPIX2= 2.0885000000000000E+003
CRVAL1= 1.3198154422110997E+002
CRVAL2= 2.0043540786772216E+001
CDELT1= 3.3203324189907404E-004
CDELT2= 3.3196278150792027E-004
CROTA1= 8.3475232409612573E+001
CROTA2= 8.3485806287999722E+001
CD1_1= 3.7729833914612810E-005
CD1_2=-3.2988260542014754E-004
CD2_1= 3.2981955732183432E-004
CD2_2= 3.7660960084741081E-005
CMDLINE="C:\Program Files\astap\astap.exe"   -f "C:\skytrack\Images\Streak_40358_213236.fits" -s 500
DIMENSIONS=6248 x 4176
WARNING=Warning inexact scale! Set FOV=1.39d or scale=1.2"/pix or FL=649mm 
