PLTSOLVD=T
CRPIX1= 3.1245000000000000E+003
CRPIX2= 2.0885000000000000E+003
CRVAL1= 1.0709127230341075E+002
CRVAL2= 6.8484632974554263E+000
CDELT1= 3.3202947632250451E-004
CDELT2= 3.3203145362599494E-004
CROTA1= 8.3476321003960663E+001
CROTA2= 8.3494807765634334E+001
CD1_1= 3.7723138463349183E-005
CD1_2=-3.2987958101627263E-004
CD2_1= 3.2989369997155023E-004
CD2_2= 3.7616923266955781E-005
CMDLINE="C:\Program Files\astap\astap.exe"   -f "C:\skytrack\Images\Streak_48390_212144.fits" -s 500
DIMENSIONS=6248 x 4176
WARNING=Warning inexact scale! Set FOV=1.39d or scale=1.2"/pix or FL=649mm 
