PLTSOLVD=T
CRPIX1= 3.1245000000000000E+003
CRPIX2= 2.0885000000000000E+003
CRVAL1= 6.6859074584171410E+001
CRVAL2= 6.4573607718746445E+001
CDELT1= 3.3217842358023233E-004
CDELT2= 3.3206765685110705E-004
CROTA1= 8.3420517821052798E+001
CROTA2= 8.3448327194436601E+001
CD1_1= 3.8061473086844019E-005
CD1_2=-3.2999065041104984E-004
CD2_1= 3.2989904190133091E-004
CD2_2= 3.7888664256852696E-005
CMDLINE="C:\Program Files\astap\astap.exe"   -f "C:\skytrack\Images\Streak_57166_222110.fits" -s 500
DIMENSIONS=6248 x 4176
WARNING=Warning inexact scale! Set FOV=1.39d or scale=1.2"/pix or FL=649mm 
