PLTSOLVD=T
CRPIX1= 3.1245000000000000E+003
CRPIX2= 2.0885000000000000E+003
CRVAL1= 1.2236019542801769E+002
CRVAL2= 3.7624887994777644E+001
CDELT1= 3.3203947815529065E-004
CDELT2= 3.3199085873982323E-004
CROTA1= 8.3485510694680997E+001
CROTA2= 8.3500127273765358E+001
CD1_1= 3.7671363226146967E-005
CD1_2=-3.2989556445384567E-004
CD2_1= 3.2985685706857112E-004
CD2_2= 3.7581699424713186E-005
CMDLINE="C:\Program Files\astap\astap.exe"   -f "C:\skytrack\Images\Streak_44768_211803.fits" -s 500
DIMENSIONS=6248 x 4176
WARNING=Warning inexact scale! Set FOV=1.39d or scale=1.2"/pix or FL=649mm 
