PLTSOLVD=T
CRPIX1= 3.1245000000000000E+003
CRPIX2= 2.0885000000000000E+003
CRVAL1= 9.8144526357034223E+001
CRVAL2= 1.7388326033685434E+001
CDELT1= 3.3197261598533347E-004
CDELT2= 3.3190207501132470E-004
CROTA1= 8.3480125786188992E+001
CROTA2= 8.3510765102507207E+001
CD1_1= 3.7694776035348404E-005
CD1_2=-3.2982559273620745E-004
CD2_1= 3.2977561409386520E-004
CD2_2= 3.7510421829634399E-005
CMDLINE="C:\Program Files\astap\astap.exe"   -f "C:\skytrack\Images\Streak_62895_212517.fits" -s 500
DIMENSIONS=6248 x 4176
WARNING=Warning inexact scale! Set FOV=1.39d or scale=1.2"/pix or FL=649mm 
