PLTSOLVD=T
CRPIX1= 3.1245000000000000E+003
CRPIX2= 2.0885000000000000E+003
CRVAL1= 1.0260609415744381E+002
CRVAL2= 1.1297502707385048E+001
CDELT1= 3.3215246253205660E-004
CDELT2= 3.3216525391368190E-004
CROTA1= 8.3495071720491723E+001
CROTA2= 8.3513401520423727E+001
CD1_1= 3.7629112424074317E-005
CD1_2=-3.3001410312937483E-004
CD2_1= 3.3003883386755866E-004
CD2_2= 3.7524978972449806E-005
CMDLINE="C:\Program Files\astap\astap.exe"   -f "C:\skytrack\Images\Streak_50193_205721.fits" -s 500
DIMENSIONS=6248 x 4176
WARNING=Warning inexact scale! Set FOV=1.39d or scale=1.2"/pix or FL=649mm 
