PLTSOLVD=T
CRPIX1= 3.1245000000000000E+003
CRPIX2= 2.0885000000000000E+003
CRVAL1= 1.5636117629510051E+002
CRVAL2= 2.1824241291599677E+001
CDELT1= 3.3199561152503978E-004
CDELT2= 3.3201583821787967E-004
CROTA1=-9.6284301046219014E+001
CROTA2=-9.6294109759409466E+001
CD1_1=-3.6340891421752157E-005
CD1_2= 3.3000064497294175E-004
CD2_1=-3.3001452355329729E-004
CD2_2=-3.6399602627108894E-005
CMDLINE="C:\Program Files\astap\astap.exe"   -f "C:\skytrack\Images\Streak_52334_210818.fits" -s 500
DIMENSIONS=6248 x 4176
WARNING=Warning inexact scale! Set FOV=1.39d or scale=1.2"/pix or FL=649mm 
