PLTSOLVD=T
CRPIX1= 3.1245000000000000E+003
CRPIX2= 2.0885000000000000E+003
CRVAL1= 7.6886075927970936E+001
CRVAL2= 5.3180891666583932E+001
CDELT1= 3.3212889399073821E-004
CDELT2= 3.3199165512834877E-004
CROTA1= 8.3446358780057125E+001
CROTA2= 8.3473435534736879E+001
CD1_1= 3.7906987219605007E-005
CD1_2=-3.2995857701148448E-004
CD2_1= 3.2984010474032809E-004
CD2_2= 3.7735452557904390E-005
CMDLINE="C:\Program Files\astap\astap.exe"   -f "C:\skytrack\Images\Streak_59397_215744.fits" -s 500
DIMENSIONS=6248 x 4176
WARNING=Warning inexact scale! Set FOV=1.39d or scale=1.2"/pix or FL=649mm 
