PLTSOLVD=T
CRPIX1= 3.1245000000000000E+003
CRPIX2= 2.0885000000000000E+003
CRVAL1= 8.9250480885006255E+001
CRVAL2= 1.7569003141617372E+001
CDELT1= 3.3221707242599906E-004
CDELT2= 3.3211375156714975E-004
CROTA1= 8.3456329642282981E+001
CROTA2= 8.3520268447295763E+001
CD1_1= 3.7859614666902241E-005
CD1_2=-3.3005277273274829E-004
CD2_1= 3.2999215554279119E-004
CD2_2= 3.7479611260374014E-005
CMDLINE="C:\Program Files\astap\astap.exe"   -f "C:\skytrack\Images\Streak_57973_213613.fits" -s 500
DIMENSIONS=6248 x 4176
WARNING=Warning inexact scale! Set FOV=1.39d or scale=1.2"/pix or FL=649mm 
