PLTSOLVD=T
CRPIX1= 3.1245000000000000E+003
CRPIX2= 2.0885000000000000E+003
CRVAL1= 8.2022433615975061E+001
CRVAL2= 3.8908447035399021E+001
CDELT1= 3.3220755623236176E-004
CDELT2= 3.3213306373149195E-004
CROTA1= 8.3457257176496967E+001
CROTA2= 8.3501912114641158E+001
CD1_1= 3.7853187277185233E-005
CD1_2=-3.3004393136495659E-004
CD2_1= 3.2999931904380801E-004
CD2_2= 3.7587517266910509E-005
CMDLINE="C:\Program Files\astap\astap.exe"   -f "C:\skytrack\Images\Streak_65474_222258.fits" -s 500
DIMENSIONS=6248 x 4176
WARNING=Warning inexact scale! Set FOV=1.39d or scale=1.2"/pix or FL=649mm 
