PLTSOLVD=T
CRPIX1= 3.1245000000000000E+003
CRPIX2= 2.0885000000000000E+003
CRVAL1= 2.3829979422681794E+002
CRVAL2= 3.1325151815071663E+001
CDELT1= 3.3204905130967239E-004
CDELT2= 3.3220800056138082E-004
CROTA1=-9.6311357849271772E+001
CROTA2=-9.6403534758973507E+001
CD1_1=-3.6502598374280589E-005
CD1_2= 3.3003656280415270E-004
CD2_1=-3.3013536826584410E-004
CD2_2=-3.7051238264947304E-005
CMDLINE="C:\Program Files\astap\astap.exe"   -f "C:\skytrack\Images\Streak_53923_211450.fits" -s 500
DIMENSIONS=6248 x 4176
WARNING=Warning inexact scale! Set FOV=1.39d or scale=1.2"/pix or FL=648mm 
