PLTSOLVD=T
CRPIX1= 3.1245000000000000E+003
CRPIX2= 2.0885000000000000E+003
CRVAL1= 7.3356257489046854E+001
CRVAL2= 4.2954477625878795E+001
CDELT1= 3.3224475741636561E-004
CDELT2= 3.3212706676419751E-004
CROTA1= 8.3451893963290829E+001
CROTA2= 8.3479748666268009E+001
CD1_1= 3.7888323439836736E-005
CD1_2=-3.3007734514440391E-004
CD2_1= 3.2997879638014291E-004
CD2_2= 3.7714485504934424E-005
CMDLINE="C:\Program Files\astap\astap.exe"   -f "C:\skytrack\Images\Streak_45081_214403.fits" -s 500
DIMENSIONS=6248 x 4176
WARNING=Warning inexact scale! Set FOV=1.39d or scale=1.2"/pix or FL=649mm 
