PLTSOLVD=T
CRPIX1= 3.1245000000000000E+003
CRPIX2= 2.0885000000000000E+003
CRVAL1= 2.1058492123675754E+002
CRVAL2= 4.7548500480637536E+001
CDELT1= 3.3242060072248596E-004
CDELT2= 3.3227593595121002E-004
CROTA1=-9.6261646676801334E+001
CROTA2=-9.6299908634971260E+001
CD1_1=-3.6256761648579804E-005
CD1_2= 3.3043744191519291E-004
CD2_1=-3.3026936491557731E-004
CD2_2=-3.6461544269460767E-005
CMDLINE="C:\Program Files\astap\astap.exe"   -f "C:\skytrack\Images\Streak_50193_205953.fits" -s 500
DIMENSIONS=6248 x 4176
WARNING=Warning inexact scale! Set FOV=1.39d or scale=1.2"/pix or FL=648mm 
