PLTSOLVD=T
CRPIX1= 3.1245000000000000E+003
CRPIX2= 2.0885000000000000E+003
CRVAL1= 1.5445487658448755E+002
CRVAL2= 7.4922876619050687E+000
CDELT1= 3.3204731322537996E-004
CDELT2= 3.3202691935588864E-004
CROTA1= 8.3453740508569936E+001
CROTA2= 8.3458693989396636E+001
CD1_1= 3.7855175892633320E-005
CD1_2=-3.2988240916776904E-004
CD2_1= 3.2986541958199912E-004
CD2_2= 3.7824332657079999E-005
CMDLINE="C:\Program Files\astap\astap.exe"   -f "C:\skytrack\Images\Streak_57166_221744.fits" -s 500
DIMENSIONS=6248 x 4176
WARNING=Warning inexact scale! Set FOV=1.39d or scale=1.2"/pix or FL=649mm 
