PLTSOLVD=T
CRPIX1= 3.1245000000000000E+003
CRPIX2= 2.0885000000000000E+003
CRVAL1= 8.5194669998087761E+001
CRVAL2= 6.1511893643111925E+001
CDELT1= 3.3210883396966509E-004
CDELT2= 3.3201332191883066E-004
CROTA1= 8.3431345718159278E+001
CROTA2= 8.3443665290014678E+001
CD1_1= 3.7991149352957650E-005
CD1_2=-3.2992870467955928E-004
CD2_1= 3.2984197839042606E-004
CD2_2= 3.7909302592725242E-005
CMDLINE="C:\Program Files\astap\astap.exe"   -f "C:\skytrack\Images\Streak_47799_215015.fits" -s 500
DIMENSIONS=6248 x 4176
WARNING=Warning inexact scale! Set FOV=1.39d or scale=1.2"/pix or FL=649mm 
