PLTSOLVD=T
CRPIX1= 3.1245000000000000E+003
CRPIX2= 2.0885000000000000E+003
CRVAL1= 1.2627347564489801E+002
CRVAL2=-1.1373634779008153E+001
CDELT1= 3.3217633799506152E-004
CDELT2= 3.3238836872663888E-004
CROTA1= 8.3495759006502908E+001
CROTA2= 8.3491566406420617E+001
CD1_1= 3.7627858303961010E-005
CD1_2=-3.3003827626999023E-004
CD2_1= 3.3024618621218458E-004
CD2_2= 3.7676042216017835E-005
CMDLINE="C:\Program Files\astap\astap.exe"   -f "C:\skytrack\Images\Streak_42954_212006.fits" -s 500
DIMENSIONS=6248 x 4176
WARNING=Warning inexact scale! Set FOV=1.39d or scale=1.2"/pix or FL=648mm 
