PLTSOLVD=T
CRPIX1= 3.1245000000000000E+003
CRPIX2= 2.0885000000000000E+003
CRVAL1= 9.0653081213339732E+001
CRVAL2= 4.4901457740755497E+001
CDELT1= 3.3197147863101473E-004
CDELT2= 3.3187256598505698E-004
CROTA1= 8.3474073528028455E+001
CROTA2= 8.3478177015057071E+001
CD1_1= 3.7729486643113174E-005
CD1_2=-3.2982047914298683E-004
CD2_1= 3.2972490790953926E-004
CD2_2= 3.7694630354359796E-005
CMDLINE="C:\Program Files\astap\astap.exe"   -f "C:\skytrack\Images\Streak_58932_212156.fits" -s 500
DIMENSIONS=6248 x 4176
WARNING=Warning inexact scale! Set FOV=1.39d or scale=1.2"/pix or FL=649mm 
