PLTSOLVD=T
CRPIX1= 3.1245000000000000E+003
CRPIX2= 2.0885000000000000E+003
CRVAL1= 1.3757090933633441E+002
CRVAL2=-8.8131016079016735E+000
CDELT1= 3.3206068532063218E-004
CDELT2= 3.3215451867547971E-004
CROTA1= 8.3469573355615950E+001
CROTA2= 8.3470199834828605E+001
CD1_1= 3.7765537109838575E-005
CD1_2=-3.2990614262607071E-004
CD2_1= 3.2999978018259939E-004
CD2_2= 3.7772600598524687E-005
CMDLINE="C:\Program Files\astap\astap.exe"   -f "C:\skytrack\Images\Streak_47772_214759.fits" -s 500
DIMENSIONS=6248 x 4176
WARNING=Warning inexact scale! Set FOV=1.39d or scale=1.2"/pix or FL=649mm 
