PLTSOLVD=T
CRPIX1= 3.1245000000000000E+003
CRPIX2= 2.0885000000000000E+003
CRVAL1= 9.7710664123730353E+001
CRVAL2= 4.2312645531350192E+001
CDELT1= 3.3214068072059868E-004
CDELT2= 3.3201559968157595E-004
CROTA1= 8.3464679411281949E+001
CROTA2= 8.3488597792783239E+001
CD1_1= 3.7802820782693854E-005
CD1_2=-3.2998239124294829E-004
CD2_1= 3.2987386926799765E-004
CD2_2= 3.7650880548487743E-005
CMDLINE="C:\Program Files\astap\astap.exe"   -f "C:\skytrack\Images\Streak_65474_222335.fits" -s 500
DIMENSIONS=6248 x 4176
WARNING=Warning inexact scale! Set FOV=1.39d or scale=1.2"/pix or FL=649mm 
