PLTSOLVD=T
CRPIX1= 3.1245000000000000E+003
CRPIX2= 2.0885000000000000E+003
CRVAL1= 1.7685430789516539E+002
CRVAL2= 2.5116423467436806E+000
CDELT1= 3.3213687941266407E-004
CDELT2= 3.3211744723479270E-004
CROTA1=-9.6299784619738119E+001
CROTA2=-9.6319118857279136E+001
CD1_1=-3.6445570655985561E-005
CD1_2= 3.3013122700759783E-004
CD2_1=-3.3009959568256316E-004
CD2_2=-3.6554831253387679E-005
CMDLINE="C:\Program Files\astap\astap.exe"   -f "C:\skytrack\Images\Streak_52334_210911.fits" -s 500
DIMENSIONS=6248 x 4176
WARNING=Warning inexact scale! Set FOV=1.39d or scale=1.2"/pix or FL=649mm 
