PLTSOLVD=T
CRPIX1= 3.1245000000000000E+003
CRPIX2= 2.0885000000000000E+003
CRVAL1= 1.9879280202500357E+002
CRVAL2= 2.8377172364474479E+001
CDELT1= 3.3207679054467036E-004
CDELT2= 3.3207107511410219E-004
CROTA1=-9.6318224902868394E+001
CROTA2=-9.6330920741333259E+001
CD1_1=-3.6545206599395303E-005
CD1_2= 3.3005975624582947E-004
CD2_1=-3.3004596972774163E-004
CD2_2=-3.6617711478331815E-005
CMDLINE="C:\Program Files\astap\astap.exe"   -f "C:\skytrack\Images\Streak_59486_212008.fits" -s 500
DIMENSIONS=6248 x 4176
WARNING=Warning inexact scale! Set FOV=1.39d or scale=1.2"/pix or FL=649mm 
