PLTSOLVD=T
CRPIX1= 3.1245000000000000E+003
CRPIX2= 2.0885000000000000E+003
CRVAL1= 1.2588650495007282E+002
CRVAL2= 2.4802702774112390E+001
CDELT1= 3.3204427214305276E-004
CDELT2= 3.3201569253150118E-004
CROTA1= 8.3458734560056470E+001
CROTA2= 8.3462684348962668E+001
CD1_1= 3.7826075890352603E-005
CD1_2=-3.2988268618669116E-004
CD2_1= 3.2985689922770023E-004
CD2_2= 3.7800080939848801E-005
CMDLINE="C:\Program Files\astap\astap.exe"   -f "C:\skytrack\Images\Streak_54062_224822.fits" -s 500
DIMENSIONS=6248 x 4176
WARNING=Warning inexact scale! Set FOV=1.39d or scale=1.2"/pix or FL=649mm 
