PLTSOLVD=T
CRPIX1= 3.1245000000000000E+003
CRPIX2= 2.0885000000000000E+003
CRVAL1= 1.7993895714354727E+002
CRVAL2=-7.1623622939558529E-001
CDELT1= 3.3205633729963316E-004
CDELT2= 3.3210036710052711E-004
CROTA1=-9.6289454158555799E+001
CROTA2=-9.6332164088213887E+001
CD1_1=-3.6377223720412314E-005
CD1_2= 3.3005773545736328E-004
CD2_1=-3.3007428830929655E-004
CD2_2=-3.6628104310982949E-005
CMDLINE="C:\Program Files\astap\astap.exe"   -f "C:\skytrack\Images\Streak_52334_210923.fits" -s 500
DIMENSIONS=6248 x 4176
WARNING=Warning inexact scale! Set FOV=1.39d or scale=1.2"/pix or FL=649mm 
