PLTSOLVD=T
CRPIX1= 3.1245000000000000E+003
CRPIX2= 2.0885000000000000E+003
CRVAL1= 9.5777147603370551E+001
CRVAL2= 1.7617192507665575E+001
CDELT1= 3.3212097406354704E-004
CDELT2= 3.3203046408762253E-004
CROTA1= 8.3466032859000649E+001
CROTA2= 8.3509163490482692E+001
CD1_1= 3.7792783424568904E-005
CD1_2=-3.2996370547977384E-004
CD2_1= 3.2990213151670950E-004
CD2_2= 3.7534153819870344E-005
CMDLINE="C:\Program Files\astap\astap.exe"   -f "C:\skytrack\Images\Streak_59542_214124.fits" -s 500
DIMENSIONS=6248 x 4176
WARNING=Warning inexact scale! Set FOV=1.39d or scale=1.2"/pix or FL=649mm 
