PLTSOLVD=T
CRPIX1= 3.1245000000000000E+003
CRPIX2= 2.0885000000000000E+003
CRVAL1= 2.0401928768024814E+002
CRVAL2= 2.9838417702252972E+001
CDELT1= 3.3193769243447735E-004
CDELT2= 3.3187567887412112E-004
CROTA1=-9.6305768373334743E+001
CROTA2=-9.6335583996107658E+001
CD1_1=-3.6458170530458924E-005
CD1_2= 3.2992943709268753E-004
CD2_1=-3.2984878547079110E-004
CD2_2=-3.6623011230683895E-005
CMDLINE="C:\Program Files\astap\astap.exe"   -f "C:\skytrack\Images\Streak_53923_211306.fits" -s 500
DIMENSIONS=6248 x 4176
WARNING=Warning inexact scale! Set FOV=1.39d or scale=1.2"/pix or FL=649mm 
