PLTSOLVD=T
CRPIX1= 3.1245000000000000E+003
CRPIX2= 2.0885000000000000E+003
CRVAL1= 9.8667077279405603E+001
CRVAL2= 1.3903485337923922E+001
CDELT1= 3.3217213046446485E-004
CDELT2= 3.3208063196046644E-004
CROTA1= 8.3459616828767750E+001
CROTA2= 8.3511468564339012E+001
CD1_1= 3.7835559696353371E-005
CD1_2=-3.3001029480876068E-004
CD2_1= 3.2995348781337017E-004
CD2_2= 3.7526550641578625E-005
CMDLINE="C:\Program Files\astap\astap.exe"   -f "C:\skytrack\Images\Streak_66494_220137.fits" -s 500
DIMENSIONS=6248 x 4176
WARNING=Warning inexact scale! Set FOV=1.39d or scale=1.2"/pix or FL=649mm 
