PLTSOLVD=T
CRPIX1= 3.1245000000000000E+003
CRPIX2= 2.0885000000000000E+003
CRVAL1= 2.5084279467179027E+002
CRVAL2= 4.6221506380600410E+001
CDELT1= 3.3214847010813085E-004
CDELT2= 3.3203877150145603E-004
CROTA1=-9.6351261264297563E+001
CROTA2=-9.6390822978217514E+001
CD1_1=-3.6743440198525347E-005
CD1_2= 3.3010986928225776E-004
CD2_1=-3.2997540298835816E-004
CD2_2=-3.6959155873298308E-005
CMDLINE="C:\Program Files\astap\astap.exe"   -f "C:\skytrack\Images\Streak_54068_222857.fits" -s 500
DIMENSIONS=6248 x 4176
WARNING=Warning inexact scale! Set FOV=1.39d or scale=1.2"/pix or FL=649mm 
