PLTSOLVD=T
CRPIX1= 3.1245000000000000E+003
CRPIX2= 2.0885000000000000E+003
CRVAL1= 9.3011779795770394E+001
CRVAL2= 1.5845963573368921E+001
CDELT1= 3.3219328734575678E-004
CDELT2= 3.3209408344978057E-004
CROTA1= 8.3460530340379322E+001
CROTA2= 8.3508389791716425E+001
CD1_1= 3.7832707585388868E-005
CD1_2=-3.3003191723580158E-004
CD2_1= 3.2996483610238522E-004
CD2_2= 3.7545801340175077E-005
CMDLINE="C:\Program Files\astap\astap.exe"   -f "C:\skytrack\Images\Streak_59542_214112.fits" -s 500
DIMENSIONS=6248 x 4176
WARNING=Warning inexact scale! Set FOV=1.39d or scale=1.2"/pix or FL=649mm 
