PLTSOLVD=T
CRPIX1= 3.1245000000000000E+003
CRPIX2= 2.0885000000000000E+003
CRVAL1= 5.6639705541986430E+001
CRVAL2= 3.6715224593161473E+001
CDELT1= 3.3237632715649607E-004
CDELT2= 3.3216584394056532E-004
CROTA1= 8.3413721465745169E+001
CROTA2= 8.3500186907632553E+001
CD1_1= 3.8123315298122464E-005
CD1_2=-3.3018273074878108E-004
CD2_1= 3.3003075661893659E-004
CD2_2= 3.7601164427185187E-005
CMDLINE="C:\Program Files\astap\astap.exe"   -f "C:\skytrack\Images\Streak_44768_211618.fits" -s 500
DIMENSIONS=6248 x 4176
WARNING=Warning inexact scale! Set FOV=1.39d or scale=1.2"/pix or FL=649mm 
