PLTSOLVD=T
CRPIX1= 3.1245000000000000E+003
CRPIX2= 2.0885000000000000E+003
CRVAL1= 6.7708806881920353E+001
CRVAL2= 4.1049122749703045E+001
CDELT1= 3.3223006593802748E-004
CDELT2= 3.3207697655427711E-004
CROTA1= 8.3443404898048257E+001
CROTA2= 8.3489390376922785E+001
CD1_1= 3.7935550448974570E-005
CD1_2=-3.3005713251696195E-004
CD2_1= 3.2993537111437106E-004
CD2_2= 3.7653276684136553E-005
CMDLINE="C:\Program Files\astap\astap.exe"   -f "C:\skytrack\Images\Streak_45081_214351.fits" -s 500
DIMENSIONS=6248 x 4176
WARNING=Warning inexact scale! Set FOV=1.39d or scale=1.2"/pix or FL=649mm 
