PLTSOLVD=T
CRPIX1= 3.1245000000000000E+003
CRPIX2= 2.0885000000000000E+003
CRVAL1= 2.2224581737694919E+002
CRVAL2= 5.1707084114568808E+001
CDELT1= 3.3216390906885433E-004
CDELT2= 3.3206165569600333E-004
CROTA1=-9.6310225045681534E+001
CROTA2=-9.6311766164849871E+001
CD1_1=-3.6508697374644756E-005
CD1_2= 3.3015144631503391E-004
CD2_1=-3.3004883064536341E-004
CD2_2=-3.6506336069226490E-005
CMDLINE="C:\Program Files\astap\astap.exe"   -f "C:\skytrack\Images\Streak_41188_213614.fits" -s 500
DIMENSIONS=6248 x 4176
WARNING=Warning inexact scale! Set FOV=1.39d or scale=1.2"/pix or FL=649mm 
