PLTSOLVD=T
CRPIX1= 3.1245000000000000E+003
CRPIX2= 2.0885000000000000E+003
CRVAL1= 1.4055417854746133E+002
CRVAL2= 6.4883087554700467E+001
CDELT1= 3.3200637721728332E-004
CDELT2= 3.3199422202976058E-004
CROTA1= 8.3419624327254311E+001
CROTA2= 8.3398411781394529E+001
CD1_1= 3.8046903110634102E-005
CD1_2=-3.2981914389045860E-004
CD2_1= 3.2979296063515555E-004
CD2_2= 3.8167611618291063E-005
CMDLINE="C:\Program Files\astap\astap.exe"   -f "C:\skytrack\Images\Streak_47799_215052.fits" -s 500
DIMENSIONS=6248 x 4176
WARNING=Warning inexact scale! Set FOV=1.39d or scale=1.2"/pix or FL=649mm 
