PLTSOLVD=T
CRPIX1= 3.1245000000000000E+003
CRPIX2= 2.0885000000000000E+003
CRVAL1= 1.2260672728898000E+002
CRVAL2=-3.7268615116285106E+000
CDELT1= 3.3215509823965490E-004
CDELT2= 3.3214628334388835E-004
CROTA1= 8.3492399096682291E+001
CROTA2= 8.3509972364468410E+001
CD1_1= 3.7644804967059068E-005
CD1_2=-3.3001496624484607E-004
CD2_1= 3.3001773840641175E-004
CD2_2= 3.7542587501073710E-005
CMDLINE="C:\Program Files\astap\astap.exe"   -f "C:\skytrack\Images\Streak_42954_212031.fits" -s 500
DIMENSIONS=6248 x 4176
WARNING=Warning inexact scale! Set FOV=1.39d or scale=1.2"/pix or FL=649mm 
