PLTSOLVD=T
CRPIX1= 3.1245000000000000E+003
CRPIX2= 2.0885000000000000E+003
CRVAL1= 2.3452189046123843E+002
CRVAL2= 7.6272642560834456E+001
CDELT1= 3.3212035416086669E-004
CDELT2= 3.3205597309408019E-004
CROTA1=-9.6244998384959260E+001
CROTA2=-9.6239904454999746E+001
CD1_1=-3.6128084884898478E-005
CD1_2= 3.3014949815271430E-004
CD2_1=-3.3008870920451079E-004
CD2_2=-3.6091734831626013E-005
CMDLINE="C:\Program Files\astap\astap.exe"   -f "C:\skytrack\Images\Streak_51771_223758.fits" -s 500
DIMENSIONS=6248 x 4176
WARNING=Warning inexact scale! Set FOV=1.39d or scale=1.2"/pix or FL=649mm 
