PLTSOLVD=T
CRPIX1= 3.1245000000000000E+003
CRPIX2= 2.0885000000000000E+003
CRVAL1= 1.6524724081264938E+002
CRVAL2= 5.0603823410826960E+000
CDELT1= 3.3190231122969042E-004
CDELT2= 3.3193844910741759E-004
CROTA1=-9.6305493914305274E+001
CROTA2=-9.6316959370734352E+001
CD1_1=-3.6452704193301635E-005
CD1_2= 3.2989444456766161E-004
CD2_1=-3.2992306187731174E-004
CD2_2=-3.6522694825781696E-005
CMDLINE="C:\Program Files\astap\astap.exe"   -f "C:\skytrack\Images\Streak_65437_213145.fits" -s 500
DIMENSIONS=6248 x 4176
WARNING=Warning inexact scale! Set FOV=1.39d or scale=1.2"/pix or FL=649mm 
