PLTSOLVD=T
CRPIX1= 3.1245000000000000E+003
CRPIX2= 2.0885000000000000E+003
CRVAL1= 1.2946281241246328E+002
CRVAL2=-9.5913271710761308E+000
CDELT1= 3.3193304076380262E-004
CDELT2= 3.3201286378801488E-004
CROTA1= 8.3497310383957384E+001
CROTA2= 8.3488120003560184E+001
CD1_1= 3.7591368585032443E-005
CD1_2=-3.2979756299677003E-004
CD2_1= 3.2987083704345404E-004
CD2_2= 3.7653321088184666E-005
CMDLINE="C:\Program Files\astap\astap.exe"   -f "C:\skytrack\Images\Streak_53923_211038.fits" -s 500
DIMENSIONS=6248 x 4176
WARNING=Warning inexact scale! Set FOV=1.39d or scale=1.2"/pix or FL=649mm 
