PLTSOLVD=T
CRPIX1= 3.1245000000000000E+003
CRPIX2= 2.0885000000000000E+003
CRVAL1= 5.6945682072393112E+001
CRVAL2= 5.8847520098549552E+001
CDELT1= 3.3235756805481849E-004
CDELT2= 3.3226201672098842E-004
CROTA1= 8.3389296915674407E+001
CROTA2= 8.3415433065764532E+001
CD1_1= 3.8261905436928584E-005
CD1_2=-3.3014781482791741E-004
CD2_1= 3.3007031305307951E-004
CD2_2= 3.8100343785069359E-005
CMDLINE="C:\Program Files\astap\astap.exe"   -f "C:\skytrack\Images\Streak_42954_212309.fits" -s 500
DIMENSIONS=6248 x 4176
WARNING=Warning inexact scale! Set FOV=1.39d or scale=1.2"/pix or FL=648mm 
