PLTSOLVD=T
CRPIX1= 3.1245000000000000E+003
CRPIX2= 2.0885000000000000E+003
CRVAL1= 1.0656058689589526E+002
CRVAL2= 4.1182261667179652E+001
CDELT1= 3.3206259475833047E-004
CDELT2= 3.3197242497448809E-004
CROTA1= 8.3481138362489673E+001
CROTA2= 8.3491191030537678E+001
CD1_1= 3.7699162407019452E-005
CD1_2=-3.2991565587501967E-004
CD2_1= 3.2983267660729808E-004
CD2_2= 3.7631056130643271E-005
CMDLINE="C:\Program Files\astap\astap.exe"   -f "C:\skytrack\Images\Streak_44768_211747.fits" -s 500
DIMENSIONS=6248 x 4176
WARNING=Warning inexact scale! Set FOV=1.39d or scale=1.2"/pix or FL=649mm 
