PLTSOLVD=T
CRPIX1= 3.1245000000000000E+003
CRPIX2= 2.0885000000000000E+003
CRVAL1= 1.5235098987364432E+002
CRVAL2= 2.8727482009498637E+001
CDELT1= 3.3200537742197932E-004
CDELT2= 3.3196305368435097E-004
CROTA1= 8.3468306326046616E+001
CROTA2= 8.3458259461345676E+001
CD1_1= 3.7766541163188192E-005
CD1_2=-3.2985035850470153E-004
CD2_1= 3.2980168286488173E-004
CD2_2= 3.7819558312217874E-005
CMDLINE="C:\Program Files\astap\astap.exe"   -f "C:\skytrack\Images\Streak_64855_214728.fits" -s 500
DIMENSIONS=6248 x 4176
WARNING=Warning inexact scale! Set FOV=1.39d or scale=1.2"/pix or FL=649mm 
