PLTSOLVD=T
CRPIX1= 3.1245000000000000E+003
CRPIX2= 2.0885000000000000E+003
CRVAL1= 1.1406536311769338E+002
CRVAL2= 2.8338109897118237E+001
CDELT1= 3.3206244844919357E-004
CDELT2= 3.3197849511261055E-004
CROTA1= 8.3486118162504084E+001
CROTA2= 8.3490571738550926E+001
CD1_1= 3.7670471408365289E-005
CD1_2=-3.2991878584576672E-004
CD2_1= 3.2983830085107148E-004
CD2_2= 3.7635309337265345E-005
CMDLINE="C:\Program Files\astap\astap.exe"   -f "C:\skytrack\Images\Streak_59486_211831.fits" -s 500
DIMENSIONS=6248 x 4176
WARNING=Warning inexact scale! Set FOV=1.39d or scale=1.2"/pix or FL=649mm 
