PLTSOLVD=T
CRPIX1= 3.1245000000000000E+003
CRPIX2= 2.0885000000000000E+003
CRVAL1= 8.9712695032233256E+001
CRVAL2= 1.5827834512676096E+001
CDELT1= 3.3226886397612880E-004
CDELT2= 3.3216156760216891E-004
CROTA1= 8.3455887101367608E+001
CROTA2= 8.3510982861929747E+001
CD1_1= 3.7868066513038774E-005
CD1_2=-3.3010393440029043E-004
CD2_1= 3.3003358681546864E-004
CD2_2= 3.7538494450986786E-005
CMDLINE="C:\Program Files\astap\astap.exe"   -f "C:\skytrack\Images\Streak_47772_214614.fits" -s 500
DIMENSIONS=6248 x 4176
WARNING=Warning inexact scale! Set FOV=1.39d or scale=1.2"/pix or FL=649mm 
