PLTSOLVD=T
CRPIX1= 3.1245000000000000E+003
CRPIX2= 2.0885000000000000E+003
CRVAL1= 3.4593931251906122E+002
CRVAL2= 6.9584446024151305E+001
CDELT1= 3.3212154339139883E-004
CDELT2= 3.3264856505841830E-004
CROTA1= 8.3211382238043896E+001
CROTA2= 8.3209765717858687E+001
CD1_1= 3.9258993601418138E-005
CD1_2=-3.2979304268903042E-004
CD2_1= 3.3031525988596656E-004
CD2_2= 3.9330610494767726E-005
CMDLINE="C:\Program Files\astap\astap.exe"   -f "C:\skytrack\Images\Streak_43071_220049.fits" -s 500
DIMENSIONS=6248 x 4176
WARNING=Warning inexact scale! Set FOV=1.39d or scale=1.2"/pix or FL=648mm 
