PLTSOLVD=T
CRPIX1= 3.1245000000000000E+003
CRPIX2= 2.0885000000000000E+003
CRVAL1= 6.7119699850589086E+001
CRVAL2= 4.6411407830113014E+001
CDELT1= 3.3219666457700821E-004
CDELT2= 3.3204480638834134E-004
CROTA1= 8.3437060908732050E+001
CROTA2= 8.3479856981792821E+001
CD1_1= 3.7968277703221678E-005
CD1_2=-3.3001974765813687E-004
CD2_1= 3.2989713936193204E-004
CD2_2= 3.7704520820255287E-005
CMDLINE="C:\Program Files\astap\astap.exe"   -f "C:\skytrack\Images\Streak_49445_213734.fits" -s 500
DIMENSIONS=6248 x 4176
WARNING=Warning inexact scale! Set FOV=1.39d or scale=1.2"/pix or FL=649mm 
