PLTSOLVD=T
CRPIX1= 3.1245000000000000E+003
CRPIX2= 2.0885000000000000E+003
CRVAL1= 1.1641679907413295E+002
CRVAL2= 2.6368029339510432E+001
CDELT1= 3.3207056508948910E-004
CDELT2= 3.3195818076916654E-004
CROTA1= 8.3464003236264190E+001
CROTA2= 8.3490301730269408E+001
CD1_1= 3.7798733979745776E-005
CD1_2=-3.2991228517347004E-004
CD2_1= 3.2981794011938289E-004
CD2_2= 3.7634560645526707E-005
CMDLINE="C:\Program Files\astap\astap.exe"   -f "C:\skytrack\Images\Streak_55489_220602.fits" -s 500
DIMENSIONS=6248 x 4176
WARNING=Warning inexact scale! Set FOV=1.39d or scale=1.2"/pix or FL=649mm 
