PLTSOLVD=T
CRPIX1= 3.1245000000000000E+003
CRPIX2= 2.0885000000000000E+003
CRVAL1= 9.8776630514158242E+001
CRVAL2= 3.7952105543578362E+001
CDELT1= 3.3193541003027216E-004
CDELT2= 3.3184220426567496E-004
CROTA1= 8.3476792534722108E+001
CROTA2= 8.3494264196588148E+001
CD1_1= 3.7709737168836201E-005
CD1_2=-3.2978643415795952E-004
CD2_1= 3.2970531238985114E-004
CD2_2= 3.7598610530345702E-005
CMDLINE="C:\Program Files\astap\astap.exe"   -f "C:\skytrack\Images\Streak_66221_214454.fits" -s 500
DIMENSIONS=6248 x 4176
WARNING=Warning inexact scale! Set FOV=1.39d or scale=1.2"/pix or FL=649mm 
