PLTSOLVD=T
CRPIX1= 3.1245000000000000E+003
CRPIX2= 2.0885000000000000E+003
CRVAL1= 1.8517854054311647E+002
CRVAL2=-4.4130044444915404E+000
CDELT1= 3.3199398140386458E-004
CDELT2= 3.3207613407142350E-004
CROTA1=-9.6308458025755911E+001
CROTA2=-9.6339671689430020E+001
CD1_1=-3.6479843554116330E-005
CD1_2= 3.2998367338802807E-004
CD2_1=-3.3004540117099584E-004
CD2_2=-3.6668678537663213E-005
CMDLINE="C:\Program Files\astap\astap.exe"   -f "C:\skytrack\Images\Streak_60418_212834.fits" -s 500
DIMENSIONS=6248 x 4176
WARNING=Warning inexact scale! Set FOV=1.39d or scale=1.2"/pix or FL=649mm 
