PLTSOLVD=T
CRPIX1= 3.1245000000000000E+003
CRPIX2= 2.0885000000000000E+003
CRVAL1= 1.9119449607554813E+002
CRVAL2=-9.7500773818540303E+000
CDELT1= 3.3212290609439988E-004
CDELT2= 3.3226211523013885E-004
CROTA1=-9.6300647653146456E+001
CROTA2=-9.6344108434596293E+001
CD1_1=-3.6449009834639223E-005
CD1_2= 3.3011678908329386E-004
CD2_1=-3.3022740295680220E-004
CD2_2=-3.6714786579957731E-005
CMDLINE="C:\Program Files\astap\astap.exe"   -f "C:\skytrack\Images\Streak_60418_212859.fits" -s 500
DIMENSIONS=6248 x 4176
WARNING=Warning inexact scale! Set FOV=1.39d or scale=1.2"/pix or FL=648mm 
