PLTSOLVD=T
CRPIX1= 3.1245000000000000E+003
CRPIX2= 2.0885000000000000E+003
CRVAL1= 8.3780263823570863E+001
CRVAL2= 1.4133231609362451E+001
CDELT1= 3.3223640010912299E-004
CDELT2= 3.3216509675574381E-004
CROTA1= 8.3478542363362166E+001
CROTA2= 8.3491322354944899E+001
CD1_1= 3.7733850424104421E-005
CD1_2=-3.3008662815939787E-004
CD2_1= 3.3002419281212320E-004
CD2_2= 3.7652140197592872E-005
CMDLINE="C:\Program Files\astap\astap.exe"   -f "C:\skytrack\Images\Streak_39012_210835.fits" -s 500
DIMENSIONS=6248 x 4176
WARNING=Warning inexact scale! Set FOV=1.39d or scale=1.2"/pix or FL=649mm 
