PLTSOLVD=T
CRPIX1= 3.1245000000000000E+003
CRPIX2= 2.0885000000000000E+003
CRVAL1= 9.6590925229458279E+001
CRVAL2= 3.9617994178564309E+001
CDELT1= 3.3209420778402670E-004
CDELT2= 3.3196618115687823E-004
CROTA1= 8.3470549218513625E+001
CROTA2= 8.3489306333898099E+001
CD1_1= 3.7763730106449627E-005
CD1_2=-3.2994009082278487E-004
CD2_1= 3.2982523503738659E-004
CD2_2= 3.7641197701640636E-005
CMDLINE="C:\Program Files\astap\astap.exe"   -f "C:\skytrack\Images\Streak_60418_212615.fits" -s 500
DIMENSIONS=6248 x 4176
WARNING=Warning inexact scale! Set FOV=1.39d or scale=1.2"/pix or FL=649mm 
