PLTSOLVD=T
CRPIX1= 3.1245000000000000E+003
CRPIX2= 2.0885000000000000E+003
CRVAL1= 1.6063313901326461E+002
CRVAL2=-6.6134102259082592E+000
CDELT1= 3.3192103724385112E-004
CDELT2= 3.3200546919891981E-004
CROTA1=-9.6300156334704198E+001
CROTA2=-9.6312236478612803E+001
CD1_1=-3.6424026554005904E-005
CD1_2= 3.2991645193082911E-004
CD2_1=-3.2999268510483358E-004
CD2_2=-3.6502867768122554E-005
CMDLINE="C:\Program Files\astap\astap.exe"   -f "C:\skytrack\Images\Streak_65437_213213.fits" -s 500
DIMENSIONS=6248 x 4176
WARNING=Warning inexact scale! Set FOV=1.39d or scale=1.2"/pix or FL=649mm 
