PLTSOLVD=T
CRPIX1= 3.1245000000000000E+003
CRPIX2= 2.0885000000000000E+003
CRVAL1= 1.0537805075665173E+002
CRVAL2= 9.0263321487780672E+000
CDELT1= 3.3206143278309666E-004
CDELT2= 3.3206617236866963E-004
CROTA1= 8.3470404338429688E+001
CROTA2= 8.3497492994001362E+001
CD1_1= 3.7760837348450002E-005
CD1_2=-3.2990743293340169E-004
CD2_1= 3.2992995796042861E-004
CD2_2= 3.7605394184994307E-005
CMDLINE="C:\Program Files\astap\astap.exe"   -f "C:\skytrack\Images\Streak_47772_214652.fits" -s 500
DIMENSIONS=6248 x 4176
WARNING=Warning inexact scale! Set FOV=1.39d or scale=1.2"/pix or FL=649mm 
