PLTSOLVD=T
CRPIX1= 3.1245000000000000E+003
CRPIX2= 2.0885000000000000E+003
CRVAL1= 1.3937547885788140E+002
CRVAL2= 4.8659187162873529E+001
CDELT1= 3.3203146510785614E-004
CDELT2= 3.3196482458465351E-004
CROTA1= 8.3425143244602239E+001
CROTA2= 8.3420976108989407E+001
CD1_1= 3.8018006266767264E-005
CD1_2=-3.2984773005307998E-004
CD2_1= 3.2977876244153983E-004
CD2_2= 3.8034360833938184E-005
CMDLINE="C:\Program Files\astap\astap.exe"   -f "C:\skytrack\Images\Streak_54062_224908.fits" -s 500
DIMENSIONS=6248 x 4176
WARNING=Warning inexact scale! Set FOV=1.39d or scale=1.2"/pix or FL=649mm 
