PLTSOLVD=T
CRPIX1= 3.1245000000000000E+003
CRPIX2= 2.0885000000000000E+003
CRVAL1= 9.3516501738221322E+001
CRVAL2= 8.7430614361110148E+000
CDELT1= 3.3213879323189542E-004
CDELT2= 3.3203820056763715E-004
CROTA1= 8.3453830913245397E+001
CROTA2= 8.3533554414177871E+001
CD1_1= 3.7865084452915260E-005
CD1_2=-3.2997335248306547E-004
CD2_1= 3.2992576724540117E-004
CD2_2= 3.7394581742918602E-005
CMDLINE="C:\Program Files\astap\astap.exe"   -f "C:\skytrack\Images\Streak_55463_213735.fits" -s 500
DIMENSIONS=6248 x 4176
WARNING=Warning inexact scale! Set FOV=1.39d or scale=1.2"/pix or FL=649mm 
