PLTSOLVD=T
CRPIX1= 3.1245000000000000E+003
CRPIX2= 2.0885000000000000E+003
CRVAL1= 1.2870109616792610E+002
CRVAL2= 5.2929629973805653E+001
CDELT1= 3.3202049003397573E-004
CDELT2= 3.3199756739373979E-004
CROTA1= 8.3463560610404059E+001
CROTA2= 8.3466875898812901E+001
CD1_1= 3.7795582344490765E-005
CD1_2=-3.2986224360730067E-004
CD2_1= 3.2984165622327140E-004
CD2_2= 3.7773887478654184E-005
CMDLINE="C:\Program Files\astap\astap.exe"   -f "C:\skytrack\Images\Streak_49445_213858.fits" -s 500
DIMENSIONS=6248 x 4176
WARNING=Warning inexact scale! Set FOV=1.39d or scale=1.2"/pix or FL=649mm 
