PLTSOLVD=T
CRPIX1= 3.1245000000000000E+003
CRPIX2= 2.0885000000000000E+003
CRVAL1= 1.0015614001957401E+002
CRVAL2= 2.1074957038386948E+001
CDELT1= 3.3196221794416677E-004
CDELT2= 3.3184684205280249E-004
CROTA1= 8.3489612177364705E+001
CROTA2= 8.3494660102145218E+001
CD1_1= 3.7638987739757764E-005
CD1_2=-3.2982149830527551E-004
CD2_1= 3.2971018010875770E-004
CD2_2= 3.7596857755245707E-005
CMDLINE="C:\Program Files\astap\astap.exe"   -f "C:\skytrack\Images\Streak_63594_211715.fits" -s 500
DIMENSIONS=6248 x 4176
WARNING=Warning inexact scale! Set FOV=1.39d or scale=1.2"/pix or FL=649mm 
