PLTSOLVD=T
CRPIX1= 3.1245000000000000E+003
CRPIX2= 2.0885000000000000E+003
CRVAL1= 1.1266293050172679E+002
CRVAL2= 1.5653168720753891E+001
CDELT1= 3.3219368691213730E-004
CDELT2= 3.3203894555248998E-004
CROTA1= 8.3456926293636698E+001
CROTA2= 8.3493510487174106E+001
CD1_1= 3.7853512867919681E-005
CD1_2=-3.3002993377546425E-004
CD2_1= 3.2990029184407527E-004
CD2_2= 3.7625241591295607E-005
CMDLINE="C:\Program Files\astap\astap.exe"   -f "C:\skytrack\Images\Streak_51771_223530.fits" -s 500
DIMENSIONS=6248 x 4176
WARNING=Warning inexact scale! Set FOV=1.39d or scale=1.2"/pix or FL=649mm 
