PLTSOLVD=T
CRPIX1= 3.1245000000000000E+003
CRPIX2= 2.0885000000000000E+003
CRVAL1= 7.1743278567281109E+001
CRVAL2= 1.6680704757468739E+001
CDELT1= 3.3236640310983513E-004
CDELT2= 3.3230166208077916E-004
CROTA1= 8.3448490096350909E+001
CROTA2= 8.3497156218205831E+001
CD1_1= 3.7921812170586696E-005
CD1_2=-3.3019594497490148E-004
CD2_1= 3.3016371154282533E-004
CD2_2= 3.7634003267183201E-005
CMDLINE="C:\Program Files\astap\astap.exe"   -f "C:\skytrack\Images\Streak_44311_205614.fits" -s 500
DIMENSIONS=6248 x 4176
WARNING=Warning inexact scale! Set FOV=1.39d or scale=1.2"/pix or FL=648mm 
