PLTSOLVD=T
CRPIX1= 3.1245000000000000E+003
CRPIX2= 2.0885000000000000E+003
CRVAL1= 1.4209614676866215E+002
CRVAL2= 4.6020287541919473E+001
CDELT1= 3.3202992700886742E-004
CDELT2= 3.3195674041999263E-004
CROTA1= 8.3467578094918295E+001
CROTA2= 8.3461576201843329E+001
CD1_1= 3.7773526462626090E-005
CD1_2=-3.2987426866624671E-004
CD2_1= 3.2979759941138587E-004
CD2_2= 3.7799747786902395E-005
CMDLINE="C:\Program Files\astap\astap.exe"   -f "C:\skytrack\Images\Streak_40358_213343.fits" -s 500
DIMENSIONS=6248 x 4176
WARNING=Warning inexact scale! Set FOV=1.39d or scale=1.2"/pix or FL=649mm 
