PLTSOLVD=T
CRPIX1= 3.1245000000000000E+003
CRPIX2= 2.0885000000000000E+003
CRVAL1= 1.1485072328731206E+002
CRVAL2= 1.1819086743410319E+001
CDELT1= 3.3222015457052043E-004
CDELT2= 3.3216719093932741E-004
CROTA1= 8.3488234188929312E+001
CROTA2= 8.3521272402738902E+001
CD1_1= 3.7676171961250554E-005
CD1_2=-3.3007686554680979E-004
CD2_1= 3.3004591032071822E-004
CD2_2= 3.7479858818998175E-005
CMDLINE="C:\Program Files\astap\astap.exe"   -f "C:\skytrack\Images\Streak_42954_212109.fits" -s 500
DIMENSIONS=6248 x 4176
WARNING=Warning inexact scale! Set FOV=1.39d or scale=1.2"/pix or FL=649mm 
