PLTSOLVD=T
CRPIX1= 3.1245000000000000E+003
CRPIX2= 2.0885000000000000E+003
CRVAL1= 1.3785846791896583E+002
CRVAL2= 4.6799796837345173E+000
CDELT1= 3.3207102815805420E-004
CDELT2= 3.3204459683928663E-004
CROTA1= 8.3479337422094133E+001
CROTA2= 8.3484452138409964E+001
CD1_1= 3.7710490118984226E-005
CD1_2=-3.2992284958294909E-004
CD2_1= 3.2989995403102658E-004
CD2_2= 3.7678038968223336E-005
CMDLINE="C:\Program Files\astap\astap.exe"   -f "C:\skytrack\Images\Streak_52339_213012.fits" -s 500
DIMENSIONS=6248 x 4176
WARNING=Warning inexact scale! Set FOV=1.39d or scale=1.2"/pix or FL=649mm 
