PLTSOLVD=T
CRPIX1= 3.1245000000000000E+003
CRPIX2= 2.0885000000000000E+003
CRVAL1= 9.9695504535528173E+001
CRVAL2= 3.9683936966483941E+001
CDELT1= 3.3213577513044491E-004
CDELT2= 3.3200006079564499E-004
CROTA1= 8.3472213288038731E+001
CROTA2= 8.3492312110922427E+001
CD1_1= 3.7758873064034689E-005
CD1_2=-3.2998248533283641E-004
CD2_1= 3.2986087060796020E-004
CD2_2= 3.7627734585947407E-005
CMDLINE="C:\Program Files\astap\astap.exe"   -f "C:\skytrack\Images\Streak_44782_214334.fits" -s 500
DIMENSIONS=6248 x 4176
WARNING=Warning inexact scale! Set FOV=1.39d or scale=1.2"/pix or FL=649mm 
