PLTSOLVD=T
CRPIX1= 3.1245000000000000E+003
CRPIX2= 2.0885000000000000E+003
CRVAL1= 1.2962630666251050E+002
CRVAL2= 4.6592614482365036E+001
CDELT1= 3.3207733618519471E-004
CDELT2= 3.3196058851479767E-004
CROTA1= 8.3449037107293051E+001
CROTA2= 8.3457070398946172E+001
CD1_1= 3.7885680985748932E-005
CD1_2=-3.2990912746406526E-004
CD2_1= 3.2979844880922228E-004
CD2_2= 3.7826121795944105E-005
CMDLINE="C:\Program Files\astap\astap.exe"   -f "C:\skytrack\Images\Streak_57166_221922.fits" -s 500
DIMENSIONS=6248 x 4176
WARNING=Warning inexact scale! Set FOV=1.39d or scale=1.2"/pix or FL=649mm 
