PLTSOLVD=T
CRPIX1= 3.1245000000000000E+003
CRPIX2= 2.0885000000000000E+003
CRVAL1= 1.0973372538407305E+002
CRVAL2= 2.4039747179606280E+001
CDELT1= 3.3211248989064982E-004
CDELT2= 3.3198748869971135E-004
CROTA1= 8.3471930762028947E+001
CROTA2= 8.3487827463949287E+001
CD1_1= 3.7757852912425363E-005
CD1_2=-3.2995916487470179E-004
CD2_1= 3.2984543342687219E-004
CD2_2= 3.7652127437633659E-005
CMDLINE="C:\Program Files\astap\astap.exe"   -f "C:\skytrack\Images\Streak_59552_220901.fits" -s 500
DIMENSIONS=6248 x 4176
WARNING=Warning inexact scale! Set FOV=1.39d or scale=1.2"/pix or FL=649mm 
