PLTSOLVD=T
CRPIX1= 3.1245000000000000E+003
CRPIX2= 2.0885000000000000E+003
CRVAL1= 1.8739744334156958E+002
CRVAL2= 7.9238389588108078E+001
CDELT1= 3.3210546559039254E-004
CDELT2= 3.3194027003924636E-004
CROTA1=-9.5944062237942504E+001
CROTA2=-9.5936838109096641E+001
CD1_1=-3.4391999712395200E-005
CD1_2= 3.3031989136410485E-004
CD2_1=-3.3015991551970454E-004
CD2_2=-3.4333264594986619E-005
CMDLINE="C:\Program Files\astap\astap.exe"   -f "C:\skytrack\Images\Streak_64855_214615.fits" -s 500
DIMENSIONS=6248 x 4176
WARNING=Warning inexact scale! Set FOV=1.39d or scale=1.2"/pix or FL=649mm 
