PLTSOLVD=T
CRPIX1= 3.1245000000000000E+003
CRPIX2= 2.0885000000000000E+003
CRVAL1= 4.6247396766938493E+001
CRVAL2= 6.2231167571841944E+001
CDELT1= 3.3215906040224999E-004
CDELT2= 3.3213280467559131E-004
CROTA1= 8.3405268597510712E+001
CROTA2= 8.3474707915947889E+001
CD1_1= 3.8147074692139164E-005
CD1_2=-3.2996127363637379E-004
CD2_1= 3.2998117780979301E-004
CD2_2= 3.7744168197699776E-005
CMDLINE="C:\Program Files\astap\astap.exe"   -f "C:\skytrack\Images\Streak_57166_222157.fits" -s 500
DIMENSIONS=6248 x 4176
WARNING=Warning inexact scale! Set FOV=1.39d or scale=1.2"/pix or FL=649mm 
