PLTSOLVD=T
CRPIX1= 3.1245000000000000E+003
CRPIX2= 2.0885000000000000E+003
CRVAL1= 1.1250039149881650E+002
CRVAL2= 2.9718076928099915E+001
CDELT1= 3.3204421742050438E-004
CDELT2= 3.3198484592414259E-004
CROTA1= 8.3486136512582505E+001
CROTA2= 8.3497269785272280E+001
CD1_1= 3.7668297551644361E-005
CD1_2=-3.2990068457333633E-004
CD2_1= 3.2984900822995096E-004
CD2_2= 3.7597469236565090E-005
CMDLINE="C:\Program Files\astap\astap.exe"   -f "C:\skytrack\Images\Streak_46146_212213.fits" -s 500
DIMENSIONS=6248 x 4176
WARNING=Warning inexact scale! Set FOV=1.39d or scale=1.2"/pix or FL=649mm 
