PLTSOLVD=T
CRPIX1= 3.1245000000000000E+003
CRPIX2= 2.0885000000000000E+003
CRVAL1= 9.9995694758166039E+001
CRVAL2= 2.3224669579965795E+001
CDELT1= 3.3206840364327070E-004
CDELT2= 3.3201990574457187E-004
CROTA1= 8.3476823129397957E+001
CROTA2= 8.3488807281387054E+001
CD1_1= 3.7724669825143160E-005
CD1_2=-3.2991858690406350E-004
CD2_1= 3.2987828521511734E-004
CD2_2= 3.7650162737604324E-005
CMDLINE="C:\Program Files\astap\astap.exe"   -f "C:\skytrack\Images\Streak_57973_213649.fits" -s 500
DIMENSIONS=6248 x 4176
WARNING=Warning inexact scale! Set FOV=1.39d or scale=1.2"/pix or FL=649mm 
