PLTSOLVD=T
CRPIX1= 3.1245000000000000E+003
CRPIX2= 2.0885000000000000E+003
CRVAL1= 8.8359770461379966E+001
CRVAL2= 2.5933852410277659E+001
CDELT1= 3.3212214274513073E-004
CDELT2= 3.3203987644184001E-004
CROTA1= 8.3465684720988520E+001
CROTA2= 8.3503914074005522E+001
CD1_1= 3.7794921328274460E-005
CD1_2=-3.2996463692857534E-004
CD2_1= 3.2990804319089364E-004
CD2_2= 3.7565444033950129E-005
CMDLINE="C:\Program Files\astap\astap.exe"   -f "C:\skytrack\Images\Streak_52339_212837.fits" -s 500
DIMENSIONS=6248 x 4176
WARNING=Warning inexact scale! Set FOV=1.39d or scale=1.2"/pix or FL=649mm 
