PLTSOLVD=T
CRPIX1= 3.1245000000000000E+003
CRPIX2= 2.0885000000000000E+003
CRVAL1= 1.4345844577112416E+002
CRVAL2=-1.2131937470082125E+001
CDELT1= 3.3201564978250787E-004
CDELT2= 3.3211405125889003E-004
CROTA1= 8.3457787176660247E+001
CROTA2= 8.3496330793347113E+001
CD1_1= 3.7828269387684690E-005
CD1_2=-3.2985362471198290E-004
CD2_1= 3.2997676586677299E-004
CD2_2= 3.7617509642419340E-005
CMDLINE="C:\Program Files\astap\astap.exe"   -f "C:\skytrack\Images\Streak_47772_214812.fits" -s 500
DIMENSIONS=6248 x 4176
WARNING=Warning inexact scale! Set FOV=1.39d or scale=1.2"/pix or FL=649mm 
