PLTSOLVD=T
CRPIX1= 3.1245000000000000E+003
CRPIX2= 2.0885000000000000E+003
CRVAL1= 1.1598460830721650E+002
CRVAL2= 5.5779275405457277E+001
CDELT1= 3.3201835736601369E-004
CDELT2= 3.3194646804572751E-004
CROTA1= 8.3441058758589890E+001
CROTA2= 8.3442592578806313E+001
CD1_1= 3.7924883083235624E-005
CD1_2=-3.2984525594761683E-004
CD2_1= 3.2977485207107138E-004
CD2_2= 3.7907843377540719E-005
CMDLINE="C:\Program Files\astap\astap.exe"   -f "C:\skytrack\Images\Streak_57166_221950.fits" -s 500
DIMENSIONS=6248 x 4176
WARNING=Warning inexact scale! Set FOV=1.39d or scale=1.2"/pix or FL=649mm 
