PLTSOLVD=T
CRPIX1= 3.1245000000000000E+003
CRPIX2= 2.0885000000000000E+003
CRVAL1= 2.2512663396066912E+002
CRVAL2= 3.1665093363217526E+001
CDELT1= 3.3209827808814796E-004
CDELT2= 3.3203257409860411E-004
CROTA1=-9.6340636120597708E+001
CROTA2=-9.6374608746937454E+001
CD1_1=-3.6676679589701881E-005
CD1_2= 3.3006679245781032E-004
CD2_1=-3.2997968982476295E-004
CD2_2=-3.6865085998790771E-005
CMDLINE="C:\Program Files\astap\astap.exe"   -f "C:\skytrack\Images\Streak_48381_215607.fits" -s 500
DIMENSIONS=6248 x 4176
WARNING=Warning inexact scale! Set FOV=1.39d or scale=1.2"/pix or FL=649mm 
