PLTSOLVD=T
CRPIX1= 3.1245000000000000E+003
CRPIX2= 2.0885000000000000E+003
CRVAL1= 2.2768059072965332E+001
CRVAL2= 6.0151583582793108E+001
CDELT1= 3.3243147607250325E-004
CDELT2= 3.3237476891482512E-004
CROTA1= 8.3298187337639988E+001
CROTA2= 8.3354242816933706E+001
CD1_1= 3.8795470614100252E-005
CD1_2=-3.3015995781374483E-004
CD2_1= 3.3014142932707503E-004
CD2_2= 3.8465876475901458E-005
CMDLINE="C:\Program Files\astap\astap.exe"   -f "C:\skytrack\Images\Streak_42954_212408.fits" -s 500
DIMENSIONS=6248 x 4176
WARNING=Warning inexact scale! Set FOV=1.39d or scale=1.2"/pix or FL=648mm 
