PLTSOLVD=T
CRPIX1= 3.1245000000000000E+003
CRPIX2= 2.0885000000000000E+003
CRVAL1= 1.9311446644003340E+002
CRVAL2= 2.2990547893172739E+001
CDELT1= 3.3215420762690420E-004
CDELT2= 3.3210301802162200E-004
CROTA1=-9.6336781179531258E+001
CROTA2=-9.6356605389389799E+001
CD1_1=-3.6660645221596432E-005
CD1_2= 3.3012484719601587E-004
CD2_1=-3.3006126804117924E-004
CD2_2=-3.6769197953158978E-005
CMDLINE="C:\Program Files\astap\astap.exe"   -f "C:\skytrack\Images\Streak_48381_215519.fits" -s 500
DIMENSIONS=6248 x 4176
WARNING=Warning inexact scale! Set FOV=1.39d or scale=1.2"/pix or FL=649mm 
