PLTSOLVD=T
CRPIX1= 3.1245000000000000E+003
CRPIX2= 2.0885000000000000E+003
CRVAL1= 1.4169244860048272E+002
CRVAL2= 3.3161026354378528E+001
CDELT1= 3.3202366942605130E-004
CDELT2= 3.3196579765453491E-004
CROTA1= 8.3458250866207649E+001
CROTA2= 8.3472405771686624E+001
CD1_1= 3.7826513566185326E-005
CD1_2=-3.2986189827042314E-004
CD2_1= 3.2981373663146783E-004
CD2_2= 3.7738441165479802E-005
CMDLINE="C:\Program Files\astap\astap.exe"   -f "C:\skytrack\Images\Streak_66494_220309.fits" -s 500
DIMENSIONS=6248 x 4176
WARNING=Warning inexact scale! Set FOV=1.39d or scale=1.2"/pix or FL=649mm 
