PLTSOLVD=T
CRPIX1= 3.1245000000000000E+003
CRPIX2= 2.0885000000000000E+003
CRVAL1= 1.7752781975191402E+002
CRVAL2= 3.3222870319117888E+001
CDELT1= 3.3193070667575554E-004
CDELT2= 3.3189622549920577E-004
CROTA1=-9.6295060951770267E+001
CROTA2=-9.6296701571153619E+001
CD1_1=-3.6395746781069254E-005
CD1_2= 3.2992930098812799E-004
CD2_1=-3.2989398552845631E-004
CD2_2=-3.6401412235932550E-005
CMDLINE="C:\Program Files\astap\astap.exe"   -f "C:\skytrack\Images\Streak_62895_212703.fits" -s 500
DIMENSIONS=6248 x 4176
WARNING=Warning inexact scale! Set FOV=1.39d or scale=1.2"/pix or FL=649mm 
