PLTSOLVD=T
CRPIX1= 3.1245000000000000E+003
CRPIX2= 2.0885000000000000E+003
CRVAL1= 1.1458857956190586E+002
CRVAL2= 5.5383427783333161E+001
CDELT1= 3.3200907112505829E-004
CDELT2= 3.3201238090375295E-004
CROTA1= 8.3479757997914732E+001
CROTA2= 8.3490207535475776E+001
CD1_1= 3.7701032858571194E-005
CD1_2=-3.2986157010285531E-004
CD2_1= 3.2987172892623732E-004
CD2_2= 3.7641247702403877E-005
CMDLINE="C:\Program Files\astap\astap.exe"   -f "C:\skytrack\Images\Streak_49436_205619.fits" -s 500
DIMENSIONS=6248 x 4176
WARNING=Warning inexact scale! Set FOV=1.39d or scale=1.2"/pix or FL=649mm 
