PLTSOLVD=T
CRPIX1= 3.1245000000000000E+003
CRPIX2= 2.0885000000000000E+003
CRVAL1= 6.0462051884149197E+001
CRVAL2= 4.8723358160052179E+001
CDELT1= 3.3225285131117986E-004
CDELT2= 3.3207767975404462E-004
CROTA1= 8.3428024595847546E+001
CROTA2= 8.3491713681139601E+001
CD1_1= 3.8026756413601200E-005
CD1_2=-3.3006957297071422E-004
CD2_1= 3.2993759632541866E-004
CD2_2= 3.7639977707683555E-005
CMDLINE="C:\Program Files\astap\astap.exe"   -f "C:\skytrack\Images\Streak_47799_214924.fits" -s 500
DIMENSIONS=6248 x 4176
WARNING=Warning inexact scale! Set FOV=1.39d or scale=1.2"/pix or FL=649mm 
