PLTSOLVD=T
CRPIX1= 3.1245000000000000E+003
CRPIX2= 2.0885000000000000E+003
CRVAL1= 3.5084400235417536E+002
CRVAL2= 8.2295488403382237E+001
CDELT1= 3.3211955471696070E-004
CDELT2= 3.3223449908391318E-004
CROTA1= 8.2727512197048824E+001
CROTA2= 8.2720146710535630E+001
CD1_1= 4.2042452372991214E-005
CD1_2=-3.2944776645753271E-004
CD2_1= 3.2955637690180897E-004
CD2_2= 4.2099368461908802E-005
CMDLINE="C:\Program Files\astap\astap.exe"   -f "C:\skytrack\Images\Streak_43071_220154.fits" -s 500
DIMENSIONS=6248 x 4176
WARNING=Warning inexact scale! Set FOV=1.39d or scale=1.2"/pix or FL=648mm 
