PLTSOLVD=T
CRPIX1= 3.1245000000000000E+003
CRPIX2= 2.0885000000000000E+003
CRVAL1= 1.9606735584766457E+002
CRVAL2= 2.4546280004351516E+001
CDELT1= 3.3206525217427797E-004
CDELT2= 3.3197494564100622E-004
CROTA1=-9.6347046103294488E+001
CROTA2=-9.6359264350216534E+001
CD1_1=-3.6709954653730881E-005
CD1_2= 3.3002986369552658E-004
CD2_1=-3.2993227697384334E-004
CD2_2=-3.6770329672225664E-005
CMDLINE="C:\Program Files\astap\astap.exe"   -f "C:\skytrack\Images\Streak_55489_220739.fits" -s 500
DIMENSIONS=6248 x 4176
WARNING=Warning inexact scale! Set FOV=1.39d or scale=1.2"/pix or FL=649mm 
