PLTSOLVD=T
CRPIX1= 3.1245000000000000E+003
CRPIX2= 2.0885000000000000E+003
CRVAL1= 2.4287816928860576E+002
CRVAL2= 3.2350258877063716E+001
CDELT1= 3.3221639594693743E-004
CDELT2= 3.3211321967956554E-004
CROTA1=-9.6342076210739975E+001
CROTA2=-9.6404302361279150E+001
CD1_1=-3.6698023377230991E-005
CD1_2= 3.3018326549989860E-004
CD2_1=-3.3004068244773475E-004
CD2_2=-3.7045088950640658E-005
CMDLINE="C:\Program Files\astap\astap.exe"   -f "C:\skytrack\Images\Streak_48381_215646.fits" -s 500
DIMENSIONS=6248 x 4176
WARNING=Warning inexact scale! Set FOV=1.39d or scale=1.2"/pix or FL=649mm 
