PLTSOLVD=T
CRPIX1= 3.1245000000000000E+003
CRPIX2= 2.0885000000000000E+003
CRVAL1= 1.5809896111957531E+002
CRVAL2=-1.1875871739428185E+000
CDELT1= 3.3208919452195766E-004
CDELT2= 3.3208119319444332E-004
CROTA1= 8.3440097912987056E+001
CROTA2= 8.3466020017321938E+001
CD1_1= 3.7938507128938881E-005
CD1_2=-3.2991499328625560E-004
CD2_1= 3.2992417453505193E-004
CD2_2= 3.7788330616868828E-005
CMDLINE="C:\Program Files\astap\astap.exe"   -f "C:\skytrack\Images\Streak_57166_221718.fits" -s 500
DIMENSIONS=6248 x 4176
WARNING=Warning inexact scale! Set FOV=1.39d or scale=1.2"/pix or FL=649mm 
