PLTSOLVD=T
CRPIX1= 3.1245000000000000E+003
CRPIX2= 2.0885000000000000E+003
CRVAL1= 9.4341047509136715E+001
CRVAL2= 3.3061942102300627E+001
CDELT1= 3.3211189018832681E-004
CDELT2= 3.3203087976152739E-004
CROTA1= 8.3477769070351584E+001
CROTA2= 8.3480723698578544E+001
CD1_1= 3.7724162516068379E-005
CD1_2=-3.2996241477920561E-004
CD2_1= 3.2988387310953497E-004
CD2_2= 3.7697949247486823E-005
CMDLINE="C:\Program Files\astap\astap.exe"   -f "C:\skytrack\Images\Streak_41188_213316.fits" -s 500
DIMENSIONS=6248 x 4176
WARNING=Warning inexact scale! Set FOV=1.39d or scale=1.2"/pix or FL=649mm 
