PLTSOLVD=T
CRPIX1= 3.1245000000000000E+003
CRPIX2= 2.0885000000000000E+003
CRVAL1= 1.1121983872077629E+002
CRVAL2= 2.1681104416661729E+001
CDELT1= 3.3275775531738702E-004
CDELT2= 3.3211593428066603E-004
CROTA1= 8.3449108446048186E+001
CROTA2= 8.3569109630187882E+001
CD1_1= 3.7962896299598018E-005
CD1_2=-3.3058515125215771E-004
CD2_1= 3.3002615372249537E-004
CD2_2= 3.7198543819019979E-005
CMDLINE="C:\Program Files\astap\astap.exe"   -f "C:\skytrack\Images\Streak_58354_223309.fits" -s 500
DIMENSIONS=6248 x 4176
WARNING=Warning inexact scale! Set FOV=1.39d or scale=1.2"/pix or FL=649mm 
