PLTSOLVD=T
CRPIX1= 3.1245000000000000E+003
CRPIX2= 2.0885000000000000E+003
CRVAL1= 2.5098856828146057E+002
CRVAL2= 6.6568530760924261E+001
CDELT1= 3.3210085093573620E-004
CDELT2= 3.3198145428987218E-004
CROTA1=-9.6335924759065250E+001
CROTA2=-9.6316529725240173E+001
CD1_1=-3.6649822412096080E-005
CD1_2= 3.3007236435273081E-004
CD2_1=-3.2996607985080696E-004
CD2_2=-3.6524952297153526E-005
CMDLINE="C:\Program Files\astap\astap.exe"   -f "C:\skytrack\Images\Streak_54062_225032.fits" -s 500
DIMENSIONS=6248 x 4176
WARNING=Warning inexact scale! Set FOV=1.39d or scale=1.2"/pix or FL=649mm 
