PLTSOLVD=T
CRPIX1= 3.1245000000000000E+003
CRPIX2= 2.0885000000000000E+003
CRVAL1= 1.6287212977904144E+002
CRVAL2= 2.5090966959785934E+001
CDELT1= 3.3209679100798658E-004
CDELT2= 3.3206886184839244E-004
CROTA1=-9.6316818360264023E+001
CROTA2=-9.6320384188703514E+001
CD1_1=-3.6539304589965687E-005
CD1_2= 3.3008053232186238E-004
CD2_1=-3.3005049824063806E-004
CD2_2=-3.6556772565330713E-005
CMDLINE="C:\Program Files\astap\astap.exe"   -f "C:\skytrack\Images\Streak_43071_220442.fits" -s 500
DIMENSIONS=6248 x 4176
WARNING=Warning inexact scale! Set FOV=1.39d or scale=1.2"/pix or FL=649mm 
