PLTSOLVD=T
CRPIX1= 3.1245000000000000E+003
CRPIX2= 2.0885000000000000E+003
CRVAL1= 8.2719117532053048E+001
CRVAL2= 6.4171753432085083E+001
CDELT1= 3.3219026117053079E-004
CDELT2= 3.3200025612743859E-004
CROTA1= 8.3431047921572741E+001
CROTA2= 8.3445460223249086E+001
CD1_1= 3.8002179344124797E-005
CD1_2=-3.3000939983831131E-004
CD2_1= 3.2983018544327541E-004
CD2_2= 3.7897478004999040E-005
CMDLINE="C:\Program Files\astap\astap.exe"   -f "C:\skytrack\Images\Streak_57166_222044.fits" -s 500
DIMENSIONS=6248 x 4176
WARNING=Warning inexact scale! Set FOV=1.39d or scale=1.2"/pix or FL=649mm 
