PLTSOLVD=T
CRPIX1= 3.1245000000000000E+003
CRPIX2= 2.0885000000000000E+003
CRVAL1= 9.2015122318932555E+001
CRVAL2=-1.7823759221646982E+000
CDELT1= 3.3230295812653447E-004
CDELT2= 3.3230185561206087E-004
CROTA1= 8.3478955853964322E+001
CROTA2= 8.3510749155258466E+001
CD1_1= 3.7739027132934401E-005
CD1_2=-3.3015302786844911E-004
CD2_1= 3.3017282289032706E-004
CD2_2= 3.7555695544772631E-005
CMDLINE="C:\Program Files\astap\astap.exe"   -f "C:\skytrack\Images\Streak_50193_205635.fits" -s 500
DIMENSIONS=6248 x 4176
WARNING=Warning inexact scale! Set FOV=1.39d or scale=1.2"/pix or FL=648mm 
