PLTSOLVD=T
CRPIX1= 3.1245000000000000E+003
CRPIX2= 2.0885000000000000E+003
CRVAL1= 2.1559586578406962E+002
CRVAL2= 2.0309079667061749E+001
CDELT1= 3.3158291379714019E-004
CDELT2= 3.3253960327263819E-004
CROTA1=-9.6318239184692018E+001
CROTA2=-9.6514632427835409E+001
CD1_1=-3.6490937381552775E-005
CD1_2= 3.2956887020957744E-004
CD2_1=-3.3039236611723483E-004
CD2_2=-3.7728929963340244E-005
CMDLINE="C:\Program Files\astap\astap.exe"   -f "C:\skytrack\Images\Streak_59486_212048.fits" -s 500
DIMENSIONS=6248 x 4176
WARNING=Warning inexact scale! Set FOV=1.39d or scale=1.2"/pix or FL=648mm 
