PLTSOLVD=T
CRPIX1= 3.1245000000000000E+003
CRPIX2= 2.0885000000000000E+003
CRVAL1= 2.0768759385893924E+002
CRVAL2= 2.8022201260456701E+001
CDELT1= 3.3209822785151870E-004
CDELT2= 3.3203429682166570E-004
CROTA1=-9.6344942490158132E+001
CROTA2=-9.6344699046690408E+001
CD1_1=-3.6701481862499595E-005
CD1_2= 3.3006398496536373E-004
CD2_1=-3.3000060144782123E-004
CD2_2=-3.6693014456899771E-005
CMDLINE="C:\Program Files\astap\astap.exe"   -f "C:\skytrack\Images\Streak_59504_215218.fits" -s 500
DIMENSIONS=6248 x 4176
WARNING=Warning inexact scale! Set FOV=1.39d or scale=1.2"/pix or FL=649mm 
