PLTSOLVD=T
CRPIX1= 3.1245000000000000E+003
CRPIX2= 2.0885000000000000E+003
CRVAL1= 1.2619918059453067E+002
CRVAL2=-4.3319423900176079E-001
CDELT1= 3.3201026468062853E-004
CDELT2= 3.3208641248078091E-004
CROTA1= 8.3471954529029816E+001
CROTA2= 8.3493854533010520E+001
CD1_1= 3.7746094104209221E-005
CD1_2=-3.2985761812208793E-004
CD2_1= 3.2994767899505287E-004
CD2_2= 3.7628639094882341E-005
CMDLINE="C:\Program Files\astap\astap.exe"   -f "C:\skytrack\Images\Streak_40358_213123.fits" -s 500
DIMENSIONS=6248 x 4176
WARNING=Warning inexact scale! Set FOV=1.39d or scale=1.2"/pix or FL=649mm 
