PLTSOLVD=T
CRPIX1= 3.1245000000000000E+003
CRPIX2= 2.0885000000000000E+003
CRVAL1= 2.3832822762102657E+002
CRVAL2= 3.1325120627252652E+001
CDELT1= 3.3239434067543536E-004
CDELT2= 3.3215863620988039E-004
CROTA1=-9.6314369216846160E+001
CROTA2=-9.6399509765828753E+001
CD1_1=-3.6557920639361433E-005
CD1_2= 3.3037783846920414E-004
CD2_1=-3.3008891352190426E-004
CD2_2=-3.7022544195887937E-005
CMDLINE="C:\Program Files\astap\astap.exe"   -f "C:\skytrack\Images\Streak_53923_211438.fits" -s 500
DIMENSIONS=6248 x 4176
WARNING=Warning inexact scale! Set FOV=1.39d or scale=1.2"/pix or FL=649mm 
