PLTSOLVD=T
CRPIX1= 3.1245000000000000E+003
CRPIX2= 2.0885000000000000E+003
CRVAL1= 4.2456340375887159E+001
CRVAL2= 5.4371407457816510E+001
CDELT1= 3.3239780804230078E-004
CDELT2= 3.3217901951134143E-004
CROTA1= 8.3368200091867863E+001
CROTA2= 8.3418923191718818E+001
CD1_1= 3.8388113503951144E-005
CD1_2=-3.3017367480302543E-004
CD2_1= 3.2999018297845428E-004
CD2_2= 3.8070725516628057E-005
CMDLINE="C:\Program Files\astap\astap.exe"   -f "C:\skytrack\Images\Streak_48140_212512.fits" -s 500
DIMENSIONS=6248 x 4176
WARNING=Warning inexact scale! Set FOV=1.39d or scale=1.2"/pix or FL=649mm 
