PLTSOLVD=T
CRPIX1= 3.1245000000000000E+003
CRPIX2= 2.0885000000000000E+003
CRVAL1= 1.2489018679535484E+002
CRVAL2=-5.0724270266579481E+000
CDELT1= 3.3203100122797740E-004
CDELT2= 3.3206462601841926E-004
CROTA1= 8.3468558412656975E+001
CROTA2= 8.3494215482794331E+001
CD1_1= 3.7768004574222946E-005
CD1_2=-3.2987598216137928E-004
CD2_1= 3.2992626987324991E-004
CD2_2= 3.7624092019291090E-005
CMDLINE="C:\Program Files\astap\astap.exe"   -f "C:\skytrack\Images\Streak_40358_213100.fits" -s 500
DIMENSIONS=6248 x 4176
WARNING=Warning inexact scale! Set FOV=1.39d or scale=1.2"/pix or FL=649mm 
