PLTSOLVD=T
CRPIX1= 3.1245000000000000E+003
CRPIX2= 2.0885000000000000E+003
CRVAL1= 1.4340964031673749E+002
CRVAL2= 3.2201341743851697E-001
CDELT1= 3.3194806297167289E-004
CDELT2= 3.3190685231560625E-004
CROTA1= 8.3493569923242404E+001
CROTA2= 8.3498216114453683E+001
CD1_1= 3.7614601033544118E-005
CD1_2=-3.2981003365533475E-004
CD2_1= 3.2977213718638257E-004
CD2_2= 3.7583189720662428E-005
CMDLINE="C:\Program Files\astap\astap.exe"   -f "C:\skytrack\Images\Streak_53923_211119.fits" -s 500
DIMENSIONS=6248 x 4176
WARNING=Warning inexact scale! Set FOV=1.39d or scale=1.2"/pix or FL=649mm 
