PLTSOLVD=T
CRPIX1= 3.1245000000000000E+003
CRPIX2= 2.0885000000000000E+003
CRVAL1= 1.5992395100087646E+002
CRVAL2= 7.3028627296229743E+001
CDELT1= 3.3206008335473491E-004
CDELT2= 3.3203862434927713E-004
CROTA1= 8.3304419283651825E+001
CROTA2= 8.3297001797037737E+001
CD1_1= 3.8716257342354539E-005
CD1_2=-3.2979531587782452E-004
CD2_1= 3.2976898860106091E-004
CD2_2= 3.8756447422251097E-005
CMDLINE="C:\Program Files\astap\astap.exe"   -f "C:\skytrack\Images\Streak_43071_220308.fits" -s 500
DIMENSIONS=6248 x 4176
WARNING=Warning inexact scale! Set FOV=1.39d or scale=1.2"/pix or FL=649mm 
