PLTSOLVD=T
CRPIX1= 3.1245000000000000E+003
CRPIX2= 2.0885000000000000E+003
CRVAL1= 1.9546011157376699E+002
CRVAL2= 2.8657885443396591E+001
CDELT1= 3.3196689147856745E-004
CDELT2= 3.3189312654568608E-004
CROTA1=-9.6314065401898176E+001
CROTA2=-9.6294944725040494E+001
CD1_1=-3.6509158645350971E-005
CD1_2= 3.2995317603101140E-004
CD2_1=-3.2989202127195011E-004
CD2_2=-3.6390956972550569E-005
CMDLINE="C:\Program Files\astap\astap.exe"   -f "C:\skytrack\Images\Streak_63594_211915.fits" -s 500
DIMENSIONS=6248 x 4176
WARNING=Warning inexact scale! Set FOV=1.39d or scale=1.2"/pix or FL=649mm 
