PLTSOLVD=T
CRPIX1= 3.1245000000000000E+003
CRPIX2= 2.0885000000000000E+003
CRVAL1= 1.1347104520425738E+002
CRVAL2= 2.2706077741953006E+001
CDELT1= 3.3203409053291719E-004
CDELT2= 3.3197040541174119E-004
CROTA1= 8.3470903517147548E+001
CROTA2= 8.3486931393328348E+001
CD1_1= 3.7754854064334593E-005
CD1_2=-3.2988059699018711E-004
CD2_1= 3.2982787149791630E-004
CD2_2= 3.7655348257449657E-005
CMDLINE="C:\Program Files\astap\astap.exe"   -f "C:\skytrack\Images\Streak_66494_220225.fits" -s 500
DIMENSIONS=6248 x 4176
WARNING=Warning inexact scale! Set FOV=1.39d or scale=1.2"/pix or FL=649mm 
