PLTSOLVD=T
CRPIX1= 3.1245000000000000E+003
CRPIX2= 2.0885000000000000E+003
CRVAL1= 1.0515595149498414E+002
CRVAL2= 2.5516287662497483E+001
CDELT1= 3.3210734050643788E-004
CDELT2= 3.3198809221999306E-004
CROTA1= 8.3469832612569959E+001
CROTA2= 8.3495862673697530E+001
CD1_1= 3.7769350244517163E-005
CD1_2=-3.2995266599978560E-004
CD2_1= 3.2985131018603445E-004
CD2_2= 3.7605937621964665E-005
CMDLINE="C:\Program Files\astap\astap.exe"   -f "C:\skytrack\Images\Streak_57973_213702.fits" -s 500
DIMENSIONS=6248 x 4176
WARNING=Warning inexact scale! Set FOV=1.39d or scale=1.2"/pix or FL=649mm 
