PLTSOLVD=T
CRPIX1= 3.1245000000000000E+003
CRPIX2= 2.0885000000000000E+003
CRVAL1= 1.0840120488976994E+002
CRVAL2= 5.8964941321919341E+001
CDELT1= 3.3200603142793803E-004
CDELT2= 3.3187729140403107E-004
CROTA1= 8.3440216501779290E+001
CROTA2= 8.3436201763395687E+001
CD1_1= 3.7928323741874285E-005
CD1_2=-3.2983245316775686E-004
CD2_1= 3.2970189854769139E-004
CD2_2= 3.7936718937250570E-005
CMDLINE="C:\Program Files\astap\astap.exe"   -f "C:\skytrack\Images\Streak_57166_222003.fits" -s 500
DIMENSIONS=6248 x 4176
WARNING=Warning inexact scale! Set FOV=1.39d or scale=1.2"/pix or FL=649mm 
