PLTSOLVD=T
CRPIX1= 3.1245000000000000E+003
CRPIX2= 2.0885000000000000E+003
CRVAL1= 2.1384473703143792E+002
CRVAL2= 5.1901590476777862E+001
CDELT1= 3.3216015813330437E-004
CDELT2= 3.3206398516712329E-004
CROTA1=-9.6279704297267287E+001
CROTA2=-9.6311425211212665E+001
CD1_1=-3.6332414352468993E-005
CD1_2= 3.3016711877239120E-004
CD2_1=-3.3005136323241516E-004
CD2_2=-3.6504628110636211E-005
CMDLINE="C:\Program Files\astap\astap.exe"   -f "C:\skytrack\Images\Streak_51137_210142.fits" -s 500
DIMENSIONS=6248 x 4176
WARNING=Warning inexact scale! Set FOV=1.39d or scale=1.2"/pix or FL=649mm 
