PLTSOLVD=T
CRPIX1= 3.1245000000000000E+003
CRPIX2= 2.0885000000000000E+003
CRVAL1= 1.3702094573007912E+002
CRVAL2= 3.4949966057831318E+001
CDELT1= 3.3204452621510652E-004
CDELT2= 3.3198877015843417E-004
CROTA1= 8.3482117091023639E+001
CROTA2= 8.3472845510452075E+001
CD1_1= 3.7691475750321681E-005
CD1_2=-3.2989834804857311E-004
CD2_1= 3.2983684985838041E-004
CD2_2= 3.7738521258918601E-005
CMDLINE="C:\Program Files\astap\astap.exe"   -f "C:\skytrack\Images\Streak_40358_213316.fits" -s 500
DIMENSIONS=6248 x 4176
WARNING=Warning inexact scale! Set FOV=1.39d or scale=1.2"/pix or FL=649mm 
