PLTSOLVD=T
CRPIX1= 3.1245000000000000E+003
CRPIX2= 2.0885000000000000E+003
CRVAL1= 1.2861544181210701E+002
CRVAL2= 8.2928352956058706E+000
CDELT1= 3.3202457166882528E-004
CDELT2= 3.3200279842303019E-004
CROTA1= 8.3473977359242440E+001
CROTA2= 8.3493089427930101E+001
CD1_1= 3.7736074494902969E-005
CD1_2=-3.2987316482791082E-004
CD2_1= 3.2986410105546036E-004
CD2_2= 3.7623569681733707E-005
CMDLINE="C:\Program Files\astap\astap.exe"   -f "C:\skytrack\Images\Streak_40358_213158.fits" -s 500
DIMENSIONS=6248 x 4176
WARNING=Warning inexact scale! Set FOV=1.39d or scale=1.2"/pix or FL=649mm 
