PLTSOLVD=T
CRPIX1= 3.1245000000000000E+003
CRPIX2= 2.0885000000000000E+003
CRVAL1= 1.8072565094944102E+002
CRVAL2= 1.3469714331375449E+001
CDELT1= 3.3201279307289833E-004
CDELT2= 3.3202224647647526E-004
CROTA1=-9.6284429254677249E+001
CROTA2=-9.6328850390687606E+001
CD1_1=-3.6343510614989053E-005
CD1_2= 3.3001764195304069E-004
CD2_1=-3.2999876161747186E-004
CD2_2=-3.6600402814999911E-005
CMDLINE="C:\Program Files\astap\astap.exe"   -f "C:\skytrack\Images\Streak_49436_205757.fits" -s 500
DIMENSIONS=6248 x 4176
WARNING=Warning inexact scale! Set FOV=1.39d or scale=1.2"/pix or FL=649mm 
