PLTSOLVD=T
CRPIX1= 3.1245000000000000E+003
CRPIX2= 2.0885000000000000E+003
CRVAL1= 1.6435901237770440E+002
CRVAL2=-3.5100805486182391E+000
CDELT1= 3.3204016139454001E-004
CDELT2= 3.3209784323619810E-004
CROTA1=-9.6308976997845477E+001
CROTA2=-9.6318319677958925E+001
CD1_1=-3.6487907190496774E-005
CD1_2= 3.3002924326151745E-004
CD2_1=-3.3008062060824075E-004
CD2_2=-3.6548069456717629E-005
CMDLINE="C:\Program Files\astap\astap.exe"   -f "C:\skytrack\Images\Streak_43765_215634.fits" -s 500
DIMENSIONS=6248 x 4176
WARNING=Warning inexact scale! Set FOV=1.39d or scale=1.2"/pix or FL=649mm 
