PLTSOLVD=T
CRPIX1= 3.1245000000000000E+003
CRPIX2= 2.0885000000000000E+003
CRVAL1= 2.1367342877747126E+002
CRVAL2= 1.7293548761630881E+001
CDELT1= 3.3211979376574478E-004
CDELT2= 3.3211228457269253E-004
CROTA1=-9.6330228397912023E+001
CROTA2=-9.6374718720943989E+001
CD1_1=-3.6619094963271570E-005
CD1_2= 3.3009483379033930E-004
CD2_1=-3.3005883668979209E-004
CD2_2=-3.6874569652733038E-005
CMDLINE="C:\Program Files\astap\astap.exe"   -f "C:\skytrack\Images\Streak_57973_213932.fits" -s 500
DIMENSIONS=6248 x 4176
WARNING=Warning inexact scale! Set FOV=1.39d or scale=1.2"/pix or FL=649mm 
