PLTSOLVD=T
CRPIX1= 3.1245000000000000E+003
CRPIX2= 2.0885000000000000E+003
CRVAL1= 7.7249450169570011E+001
CRVAL2= 4.4148455966472390E+001
CDELT1= 3.3211877214638894E-004
CDELT2= 3.3199695949261685E-004
CROTA1= 8.3456999665364904E+001
CROTA2= 8.3476377116240712E+001
CD1_1= 3.7844553786964073E-005
CD1_2=-3.2995555543238031E-004
CD2_1= 3.2984731167344853E-004
CD2_2= 3.7719121067983549E-005
CMDLINE="C:\Program Files\astap\astap.exe"   -f "C:\skytrack\Images\Streak_52334_210633.fits" -s 500
DIMENSIONS=6248 x 4176
WARNING=Warning inexact scale! Set FOV=1.39d or scale=1.2"/pix or FL=649mm 
