PLTSOLVD=T
CRPIX1= 3.1245000000000000E+003
CRPIX2= 2.0885000000000000E+003
CRVAL1= 1.8130232209899762E+002
CRVAL2=-9.6381620081493735E-001
CDELT1= 3.3210521511435089E-004
CDELT2= 3.3209419388470246E-004
CROTA1=-9.6310763023702677E+001
CROTA2=-9.6331151527268574E+001
CD1_1=-3.6505345626367929E-005
CD1_2= 3.3009276521433893E-004
CD2_1=-3.3006880000246047E-004
CD2_2=-3.6621590310445234E-005
CMDLINE="C:\Program Files\astap\astap.exe"   -f "C:\skytrack\Images\Streak_60418_212821.fits" -s 500
DIMENSIONS=6248 x 4176
WARNING=Warning inexact scale! Set FOV=1.39d or scale=1.2"/pix or FL=649mm 
