PLTSOLVD=T
CRPIX1= 3.1245000000000000E+003
CRPIX2= 2.0885000000000000E+003
CRVAL1= 9.6767092015678685E+001
CRVAL2= 3.8290355616745650E+001
CDELT1= 3.3211891844220950E-004
CDELT2= 3.3210665285442659E-004
CROTA1= 8.3492410187655096E+001
CROTA2= 8.3478502418215726E+001
CD1_1= 3.7640640653606065E-005
CD1_2=-3.2997902684626658E-004
CD2_1= 3.2995769415161967E-004
CD2_2= 3.7719344378141031E-005
CMDLINE="C:\Program Files\astap\astap.exe"   -f "C:\skytrack\Images\Streak_42954_212203.fits" -s 500
DIMENSIONS=6248 x 4176
WARNING=Warning inexact scale! Set FOV=1.39d or scale=1.2"/pix or FL=649mm 
