PLTSOLVD=T
CRPIX1= 3.1245000000000000E+003
CRPIX2= 2.0885000000000000E+003
CRVAL1= 1.6336357684165867E+002
CRVAL2= 5.0674788570944251E+001
CDELT1= 3.3200067801617222E-004
CDELT2= 3.3197598652866711E-004
CROTA1=-9.6221511668677692E+001
CROTA2=-9.6229965311160043E+001
CD1_1=-3.5979777181032165E-005
CD1_2= 3.3004530876411703E-004
CD2_1=-3.3001545090715451E-004
CD2_2=-3.6025793457316880E-005
CMDLINE="C:\Program Files\astap\astap.exe"   -f "C:\skytrack\Images\Streak_51137_210049.fits" -s 500
DIMENSIONS=6248 x 4176
WARNING=Warning inexact scale! Set FOV=1.39d or scale=1.2"/pix or FL=649mm 
