PLTSOLVD=T
CRPIX1= 3.1245000000000000E+003
CRPIX2= 2.0885000000000000E+003
CRVAL1= 2.2690475774472222E+002
CRVAL2= 4.8418297730221504E+001
CDELT1= 3.3221706904662453E-004
CDELT2= 3.3208886578371720E-004
CROTA1=-9.6321825654783567E+001
CROTA2=-9.6327847758635045E+001
CD1_1=-3.6581395602004030E-005
CD1_2= 3.3019688439132698E-004
CD2_1=-3.3006561547516513E-004
CD2_2=-3.6601970691701800E-005
CMDLINE="C:\Program Files\astap\astap.exe"   -f "C:\skytrack\Images\Streak_41188_213627.fits" -s 500
DIMENSIONS=6248 x 4176
WARNING=Warning inexact scale! Set FOV=1.39d or scale=1.2"/pix or FL=649mm 
