PLTSOLVD=T
CRPIX1= 3.1245000000000000E+003
CRPIX2= 2.0885000000000000E+003
CRVAL1= 1.7961284945954739E+002
CRVAL2= 7.2511716338430645E+001
CDELT1= 3.3200410197544317E-004
CDELT2= 3.3190124042105210E-004
CROTA1=-9.6108795842048366E+001
CROTA2=-9.6083592552311671E+001
CD1_1=-3.5330786652144583E-005
CD1_2= 3.3011885623675165E-004
CD2_1=-3.3003208334583876E-004
CD2_2=-3.5174669229978216E-005
CMDLINE="C:\Program Files\astap\astap.exe"   -f "C:\skytrack\Images\Streak_40358_213458.fits" -s 500
DIMENSIONS=6248 x 4176
WARNING=Warning inexact scale! Set FOV=1.39d or scale=1.2"/pix or FL=649mm 
