PLTSOLVD=T
CRPIX1= 3.1245000000000000E+003
CRPIX2= 2.0885000000000000E+003
CRVAL1= 1.1490609072101607E+002
CRVAL2= 2.7713902896068010E+001
CDELT1= 3.3194895510599515E-004
CDELT2= 3.3188114627958498E-004
CROTA1= 8.3494693502017043E+001
CROTA2= 8.3494187494500281E+001
CD1_1= 3.7608234476969440E-005
CD1_2=-3.2981165761004758E-004
CD2_1= 3.2974395329775493E-004
CD2_2= 3.7603464194396977E-005
CMDLINE="C:\Program Files\astap\astap.exe"   -f "C:\skytrack\Images\Streak_63594_211742.fits" -s 500
DIMENSIONS=6248 x 4176
WARNING=Warning inexact scale! Set FOV=1.39d or scale=1.2"/pix or FL=649mm 
