PLTSOLVD=T
CRPIX1= 3.1245000000000000E+003
CRPIX2= 2.0885000000000000E+003
CRVAL1= 2.2696730575325347E+002
CRVAL2= 5.9359706685982125E+001
CDELT1= 3.3207462406179109E-004
CDELT2= 3.3200120936792253E-004
CROTA1=-9.6289965456594132E+001
CROTA2=-9.6285369656760452E+001
CD1_1=-3.6382172601371392E-005
CD1_2= 3.3007558749865751E-004
CD2_1=-3.3000553132378523E-004
CD2_2=-3.6347659036990829E-005
CMDLINE="C:\Program Files\astap\astap.exe"   -f "C:\skytrack\Images\Streak_46146_212357.fits" -s 500
DIMENSIONS=6248 x 4176
WARNING=Warning inexact scale! Set FOV=1.39d or scale=1.2"/pix or FL=649mm 
