PLTSOLVD=T
CRPIX1= 3.1245000000000000E+003
CRPIX2= 2.0885000000000000E+003
CRVAL1= 1.2426302414072138E+002
CRVAL2=-7.2435878651037555E+000
CDELT1= 3.3205296744187585E-004
CDELT2= 3.3213801359431767E-004
CROTA1= 8.3463338920464750E+001
CROTA2= 8.3496715886564289E+001
CD1_1= 3.7800555847081501E-005
CD1_2=-3.2989436364479940E-004
CD2_1= 3.3000082683859531E-004
CD2_2= 3.7618005798056288E-005
CMDLINE="C:\Program Files\astap\astap.exe"   -f "C:\skytrack\Images\Streak_40358_213048.fits" -s 500
DIMENSIONS=6248 x 4176
WARNING=Warning inexact scale! Set FOV=1.39d or scale=1.2"/pix or FL=649mm 
