PLTSOLVD=T
CRPIX1= 3.1245000000000000E+003
CRPIX2= 2.0885000000000000E+003
CRVAL1= 8.9154476228732420E+001
CRVAL2= 3.7440017827600734E+001
CDELT1= 3.3197928367601143E-004
CDELT2= 3.3187865461042432E-004
CROTA1= 8.3471765670686338E+001
CROTA2= 8.3497778966759412E+001
CD1_1= 3.7743659063050541E-005
CD1_2=-3.2982671357937319E-004
CD2_1= 3.2974383410707374E-004
CD2_2= 3.7582512614139247E-005
CMDLINE="C:\Program Files\astap\astap.exe"   -f "C:\skytrack\Images\Streak_58932_212143.fits" -s 500
DIMENSIONS=6248 x 4176
WARNING=Warning inexact scale! Set FOV=1.39d or scale=1.2"/pix or FL=649mm 
