PLTSOLVD=T
CRPIX1= 3.1245000000000000E+003
CRPIX2= 2.0885000000000000E+003
CRVAL1= 1.0025226482887935E+002
CRVAL2= 2.2755642625633122E+001
CDELT1= 3.3215575643829389E-004
CDELT2= 3.3207883774698970E-004
CROTA1= 8.3474219567957903E+001
CROTA2= 8.3489242397197387E+001
CD1_1= 3.7749589192283315E-005
CD1_2=-3.3000365914775715E-004
CD2_1= 3.2993712305399986E-004
CD2_2= 3.7654339859321040E-005
CMDLINE="C:\Program Files\astap\astap.exe"   -f "C:\skytrack\Images\Streak_52339_212902.fits" -s 500
DIMENSIONS=6248 x 4176
WARNING=Warning inexact scale! Set FOV=1.39d or scale=1.2"/pix or FL=649mm 
