PLTSOLVD=T
CRPIX1= 3.1245000000000000E+003
CRPIX2= 2.0885000000000000E+003
CRVAL1= 1.4968409232939857E+002
CRVAL2= 1.7956639050285997E+001
CDELT1= 3.3203265087292458E-004
CDELT2= 3.3203043397605635E-004
CROTA1= 8.3458421731226224E+001
CROTA2= 8.3454522660120475E+001
CD1_1= 3.7826553070119867E-005
CD1_2=-3.2987093404623398E-004
CD2_1= 3.2986615667742917E-004
CD2_2= 3.7848748528716895E-005
CMDLINE="C:\Program Files\astap\astap.exe"   -f "C:\skytrack\Images\Streak_57166_221812.fits" -s 500
DIMENSIONS=6248 x 4176
WARNING=Warning inexact scale! Set FOV=1.39d or scale=1.2"/pix or FL=649mm 
