PLTSOLVD=T
CRPIX1= 3.1245000000000000E+003
CRPIX2= 2.0885000000000000E+003
CRVAL1= 1.2231022360706876E+002
CRVAL2= 4.4977582773417303E+001
CDELT1= 3.3211637440621613E-004
CDELT2= 3.3197131097651578E-004
CROTA1= 8.3456726553386190E+001
CROTA2= 8.3442974811632368E+001
CD1_1= 3.7845853355652378E-005
CD1_2=-3.2995299291340335E-004
CD2_1= 3.2979978538094705E-004
CD2_2= 3.7908480240544845E-005
CMDLINE="C:\Program Files\astap\astap.exe"   -f "C:\skytrack\Images\Streak_51771_223638.fits" -s 500
DIMENSIONS=6248 x 4176
WARNING=Warning inexact scale! Set FOV=1.39d or scale=1.2"/pix or FL=649mm 
