PLTSOLVD=T
CRPIX1= 3.1245000000000000E+003
CRPIX2= 2.0885000000000000E+003
CRVAL1= 1.5638311714827915E+002
CRVAL2= 2.9509417750208207E+000
CDELT1= 3.3194496891284994E-004
CDELT2= 3.3203182199329173E-004
CROTA1= 8.3456411755188043E+001
CROTA2= 8.3437080610757306E+001
CD1_1= 3.7828132997246358E-005
CD1_2=-3.2978249610992932E-004
CD2_1= 3.2985599835330947E-004
CD2_2= 3.7949323663623672E-005
CMDLINE="C:\Program Files\astap\astap.exe"   -f "C:\skytrack\Images\Streak_57166_221731.fits" -s 500
DIMENSIONS=6248 x 4176
WARNING=Warning inexact scale! Set FOV=1.39d or scale=1.2"/pix or FL=649mm 
