PLTSOLVD=T
CRPIX1= 3.1245000000000000E+003
CRPIX2= 2.0885000000000000E+003
CRVAL1= 1.0123109301752346E+002
CRVAL2= 1.5586152628017594E+001
CDELT1= 3.3215792777064170E-004
CDELT2= 3.3209618053997434E-004
CROTA1= 8.3461251232213073E+001
CROTA2= 8.3498979769245906E+001
CD1_1= 3.7824528565559637E-005
CD1_2=-3.2999726365483695E-004
CD2_1= 3.2996074889031220E-004
CD2_2= 3.7600230331522714E-005
CMDLINE="C:\Program Files\astap\astap.exe"   -f "C:\skytrack\Images\Streak_66494_220148.fits" -s 500
DIMENSIONS=6248 x 4176
WARNING=Warning inexact scale! Set FOV=1.39d or scale=1.2"/pix or FL=649mm 
