PLTSOLVD=T
CRPIX1= 3.1245000000000000E+003
CRPIX2= 2.0885000000000000E+003
CRVAL1= 1.9035900704494989E+002
CRVAL2=-5.1788224230187752E-001
CDELT1= 3.3223072498536518E-004
CDELT2= 3.3227955297389464E-004
CROTA1=-9.6269314962834258E+001
CROTA2=-9.6333538032798657E+001
CD1_1=-3.6280251221086297E-005
CD1_2= 3.3024384626459917E-004
CD2_1=-3.3025150209946080E-004
CD2_2=-3.6655786522472457E-005
CMDLINE="C:\Program Files\astap\astap.exe"   -f "C:\skytrack\Images\Streak_49436_205847.fits" -s 500
DIMENSIONS=6248 x 4176
WARNING=Warning inexact scale! Set FOV=1.39d or scale=1.2"/pix or FL=648mm 
