PLTSOLVD=T
CRPIX1= 3.1245000000000000E+003
CRPIX2= 2.0885000000000000E+003
CRVAL1= 1.2709362481300221E+002
CRVAL2= 5.3947269737237477E+001
CDELT1= 3.3207306896216920E-004
CDELT2= 3.3197219152950546E-004
CROTA1= 8.3429826518849325E+001
CROTA2= 8.3433101034667317E+001
CD1_1= 3.7995805176432809E-005
CD1_2=-3.2989216710759922E-004
CD2_1= 3.2979412249425319E-004
CD2_2= 3.7965414750114149E-005
CMDLINE="C:\Program Files\astap\astap.exe"   -f "C:\skytrack\Images\Streak_51771_223653.fits" -s 500
DIMENSIONS=6248 x 4176
WARNING=Warning inexact scale! Set FOV=1.39d or scale=1.2"/pix or FL=649mm 
