PLTSOLVD=T
CRPIX1= 3.1245000000000000E+003
CRPIX2= 2.0885000000000000E+003
CRVAL1= 4.8822290712185925E+001
CRVAL2= 6.0058871577236104E+001
CDELT1= 3.3238053966229761E-004
CDELT2= 3.3223820841853503E-004
CROTA1= 8.3372397336882813E+001
CROTA2= 8.3377037350128120E+001
CD1_1= 3.8361933240238168E-005
CD1_2=-3.3015933308672601E-004
CD2_1= 3.3002105727444669E-004
CD2_2= 3.8318779842452131E-005
CMDLINE="C:\Program Files\astap\astap.exe"   -f "C:\skytrack\Images\Streak_42954_212321.fits" -s 500
DIMENSIONS=6248 x 4176
WARNING=Warning inexact scale! Set FOV=1.39d or scale=1.2"/pix or FL=648mm 
