PLTSOLVD=T
CRPIX1= 3.1245000000000000E+003
CRPIX2= 2.0885000000000000E+003
CRVAL1= 9.1465101252530360E+001
CRVAL2= 7.4122840722033096E+000
CDELT1= 3.3213049707040261E-004
CDELT2= 3.3206980825033130E-004
CROTA1= 8.3456246853374395E+001
CROTA2= 8.3525902229954752E+001
CD1_1= 3.7850225280255718E-005
CD1_2=-3.2996670670003454E-004
CD2_1= 3.2995217615762543E-004
CD2_2= 3.7442208805826713E-005
CMDLINE="C:\Program Files\astap\astap.exe"   -f "C:\skytrack\Images\Streak_55463_213724.fits" -s 500
DIMENSIONS=6248 x 4176
WARNING=Warning inexact scale! Set FOV=1.39d or scale=1.2"/pix or FL=649mm 
