PLTSOLVD=T
CRPIX1= 3.1245000000000000E+003
CRPIX2= 2.0885000000000000E+003
CRVAL1= 1.8150215950076455E+002
CRVAL2=-8.2232951185929224E+000
CDELT1= 3.3241635330082841E-004
CDELT2= 3.3240465479902724E-004
CROTA1=-9.6255016033087188E+001
CROTA2=-9.6288281184443250E+001
CD1_1=-3.6218058242840500E-005
CD1_2= 3.3043741343700685E-004
CD2_1=-3.3040470191714519E-004
CD2_2=-3.6408618253140253E-005
CMDLINE="C:\Program Files\astap\astap.exe"   -f "C:\skytrack\Images\Streak_48093_210712.fits" -s 500
DIMENSIONS=6248 x 4176
WARNING=Warning inexact scale! Set FOV=1.39d or scale=1.2"/pix or FL=648mm 
