PLTSOLVD=T
CRPIX1= 3.1245000000000000E+003
CRPIX2= 2.0885000000000000E+003
CRVAL1= 9.6381644839254946E+001
CRVAL2= 5.6244917869444414E+001
CDELT1= 3.3209952137421554E-004
CDELT2= 3.3205895935471935E-004
CROTA1= 8.3470861511612526E+001
CROTA2= 8.3459237804950604E+001
CD1_1= 3.7762535953630301E-005
CD1_2=-3.2994557577778461E-004
CD2_1= 3.2989761002459378E-004
CD2_2= 3.7824851457741372E-005
CMDLINE="C:\Program Files\astap\astap.exe"   -f "C:\skytrack\Images\Streak_49436_205603.fits" -s 500
DIMENSIONS=6248 x 4176
WARNING=Warning inexact scale! Set FOV=1.39d or scale=1.2"/pix or FL=649mm 
