PLTSOLVD=T
CRPIX1= 3.1245000000000000E+003
CRPIX2= 2.0885000000000000E+003
CRVAL1= 1.7167595649137854E+002
CRVAL2= 7.1389489000113027E-001
CDELT1= 3.3214013520080761E-004
CDELT2= 3.3213619240848559E-004
CROTA1=-9.6302799049382173E+001
CROTA2=-9.6304445273949270E+001
CD1_1=-3.6463296807755951E-005
CD1_2= 3.3013254519529008E-004
CD2_1=-3.3012757844611592E-004
CD2_2=-3.6472349210191423E-005
CMDLINE="C:\Program Files\astap\astap.exe"   -f "C:\skytrack\Images\Streak_52331_211435.fits" -s 500
DIMENSIONS=6248 x 4176
WARNING=Warning inexact scale! Set FOV=1.39d or scale=1.2"/pix or FL=649mm 
