PLTSOLVD=T
CRPIX1= 3.1245000000000000E+003
CRPIX2= 2.0885000000000000E+003
CRVAL1= 2.0281888428408328E+002
CRVAL2= 2.3013945902556834E+001
CDELT1= 3.3211960810614917E-004
CDELT2= 3.3203741675338195E-004
CROTA1=-9.6335319527262541E+001
CROTA2=-9.6347350817611442E+001
CD1_1=-3.6648405558368672E-005
CD1_2= 3.3009139409959093E-004
CD2_1=-3.3000200366970064E-004
CD2_2=-3.6708632475780457E-005
CMDLINE="C:\Program Files\astap\astap.exe"   -f "C:\skytrack\Images\Streak_57973_213905.fits" -s 500
DIMENSIONS=6248 x 4176
WARNING=Warning inexact scale! Set FOV=1.39d or scale=1.2"/pix or FL=649mm 
