PLTSOLVD=T
CRPIX1= 3.1245000000000000E+003
CRPIX2= 2.0885000000000000E+003
CRVAL1= 1.5486976292724378E+002
CRVAL2= 4.6513057005889191E-001
CDELT1= 3.3204281743653627E-004
CDELT2= 3.3203163652771291E-004
CROTA1= 8.3461296376321499E+001
CROTA2= 8.3457173491084362E+001
CD1_1= 3.7811160441680057E-005
CD1_2=-3.2988293189743312E-004
CD2_1= 3.2986910214369275E-004
CD2_2= 3.7833624016015762E-005
CMDLINE="C:\Program Files\astap\astap.exe"   -f "C:\skytrack\Images\Streak_48381_215418.fits" -s 500
DIMENSIONS=6248 x 4176
WARNING=Warning inexact scale! Set FOV=1.39d or scale=1.2"/pix or FL=649mm 
