PLTSOLVD=T
CRPIX1= 3.1245000000000000E+003
CRPIX2= 2.0885000000000000E+003
CRVAL1= 8.6236129593645074E+001
CRVAL2= 4.0088928834034604E+001
CDELT1= 3.3221936137260862E-004
CDELT2= 3.3206215332723290E-004
CROTA1= 8.3460108884341764E+001
CROTA2= 8.3505821444012909E+001
CD1_1= 3.7838104931438368E-005
CD1_2=-3.3005754329513721E-004
CD2_1= 3.2993142749993286E-004
CD2_2= 3.7556980977912512E-005
CMDLINE="C:\Program Files\astap\astap.exe"   -f "C:\skytrack\Images\Streak_65474_222310.fits" -s 500
DIMENSIONS=6248 x 4176
WARNING=Warning inexact scale! Set FOV=1.39d or scale=1.2"/pix or FL=649mm 
