PLTSOLVD=T
CRPIX1= 3.1245000000000000E+003
CRPIX2= 2.0885000000000000E+003
CRVAL1= 1.2459579159379389E+002
CRVAL2=-7.8759227437874699E+000
CDELT1= 3.3222542090826848E-004
CDELT2= 3.3224173691666543E-004
CROTA1= 8.3486885956999686E+001
CROTA2= 8.3516673931193097E+001
CD1_1= 3.7684536381982362E-005
CD1_2=-3.3008121124255342E-004
CD2_1= 3.3011697041938139E-004
CD2_2= 3.7514764967036838E-005
CMDLINE="C:\Program Files\astap\astap.exe"   -f "C:\skytrack\Images\Streak_42954_212018.fits" -s 500
DIMENSIONS=6248 x 4176
WARNING=Warning inexact scale! Set FOV=1.39d or scale=1.2"/pix or FL=648mm 
