PLTSOLVD=T
CRPIX1= 3.1245000000000000E+003
CRPIX2= 2.0885000000000000E+003
CRVAL1= 8.7627596665393256E+001
CRVAL2= 3.9554059910881740E+001
CDELT1= 3.3207848736963594E-004
CDELT2= 3.3193912040373690E-004
CROTA1= 8.3471419436676001E+001
CROTA2= 8.3487316806960962E+001
CD1_1= 3.7756931522661540E-005
CD1_2=-3.2992504587511768E-004
CD2_1= 3.2979704166935037E-004
CD2_2= 3.7649581147090504E-005
CMDLINE="C:\Program Files\astap\astap.exe"   -f "C:\skytrack\Images\Streak_60418_212601.fits" -s 500
DIMENSIONS=6248 x 4176
WARNING=Warning inexact scale! Set FOV=1.39d or scale=1.2"/pix or FL=649mm 
