PLTSOLVD=T
CRPIX1= 3.1245000000000000E+003
CRPIX2= 2.0885000000000000E+003
CRVAL1= 9.4316823889874627E+001
CRVAL2= 1.5132850360391304E+001
CDELT1= 3.3205639442863668E-004
CDELT2= 3.3202796965257512E-004
CROTA1= 8.3472503292568135E+001
CROTA2= 8.3505790891782723E+001
CD1_1= 3.7748178845943811E-005
CD1_2=-3.2990381033683283E-004
CD2_1= 3.2989744314511235E-004
CD2_2= 3.7553290640484760E-005
CMDLINE="C:\Program Files\astap\astap.exe"   -f "C:\skytrack\Images\Streak_62895_212505.fits" -s 500
DIMENSIONS=6248 x 4176
WARNING=Warning inexact scale! Set FOV=1.39d or scale=1.2"/pix or FL=649mm 
