PLTSOLVD=T
CRPIX1= 3.1245000000000000E+003
CRPIX2= 2.0885000000000000E+003
CRVAL1= 2.4085461918546966E+002
CRVAL2= 6.6040523441314804E+001
CDELT1= 3.3210024248991280E-004
CDELT2= 3.3194286918743394E-004
CROTA1=-9.6274263720117531E+001
CROTA2=-9.6282890861855392E+001
CD1_1=-3.6294514794274397E-005
CD1_2= 3.3011101050662802E-004
CD2_1=-3.2994911375790426E-004
CD2_2=-3.6326997326498890E-005
CMDLINE="C:\Program Files\astap\astap.exe"   -f "C:\skytrack\Images\Streak_65437_212937.fits" -s 500
DIMENSIONS=6248 x 4176
WARNING=Warning inexact scale! Set FOV=1.39d or scale=1.2"/pix or FL=649mm 
