PLTSOLVD=T
CRPIX1= 3.1245000000000000E+003
CRPIX2= 2.0885000000000000E+003
CRVAL1= 1.0437915545914478E+002
CRVAL2= 1.9861079183990579E+001
CDELT1= 3.3209923858640745E-004
CDELT2= 3.3201442577147162E-004
CROTA1= 8.3473727882500569E+001
CROTA2= 8.3489830445341866E+001
CD1_1= 3.7745997376614449E-005
CD1_2=-3.2994718357900283E-004
CD2_1= 3.2987351286645580E-004
CD2_2= 3.7643650586842346E-005
CMDLINE="C:\Program Files\astap\astap.exe"   -f "C:\skytrack\Images\Streak_59504_215002.fits" -s 500
DIMENSIONS=6248 x 4176
WARNING=Warning inexact scale! Set FOV=1.39d or scale=1.2"/pix or FL=649mm 
