PLTSOLVD=T
CRPIX1= 3.1245000000000000E+003
CRPIX2= 2.0885000000000000E+003
CRVAL1= 1.0185924720229960E+002
CRVAL2= 1.9817797986280581E+001
CDELT1= 3.3217873293868585E-004
CDELT2= 3.3208098298842222E-004
CROTA1= 8.3461647722513064E+001
CROTA2= 8.3503027465889474E+001
CD1_1= 3.7824614011662243E-005
CD1_2=-3.3001819524326162E-004
CD2_1= 3.2994830440863696E-004
CD2_2= 3.7575200337752117E-005
CMDLINE="C:\Program Files\astap\astap.exe"   -f "C:\skytrack\Images\Streak_66870_221227.fits" -s 500
DIMENSIONS=6248 x 4176
WARNING=Warning inexact scale! Set FOV=1.39d or scale=1.2"/pix or FL=649mm 
