PLTSOLVD=T
CRPIX1= 3.1245000000000000E+003
CRPIX2= 2.0885000000000000E+003
CRVAL1= 1.3609313925449942E+002
CRVAL2= 3.2299388078691429E+001
CDELT1= 3.3202489832806508E-004
CDELT2= 3.3193471162549224E-004
CROTA1= 8.3458520529878029E+001
CROTA2= 8.3470414517602677E+001
CD1_1= 3.7825101064070386E-005
CD1_2=-3.2986329719939266E-004
CD2_1= 3.2978154049042831E-004
CD2_2= 3.7746368483056480E-005
CMDLINE="C:\Program Files\astap\astap.exe"   -f "C:\skytrack\Images\Streak_59552_220945.fits" -s 500
DIMENSIONS=6248 x 4176
WARNING=Warning inexact scale! Set FOV=1.39d or scale=1.2"/pix or FL=649mm 
