PLTSOLVD=T
CRPIX1= 3.1245000000000000E+003
CRPIX2= 2.0885000000000000E+003
CRVAL1= 7.4995675988882539E+001
CRVAL2= 3.8186352827954700E+001
CDELT1= 3.3220477087302769E-004
CDELT2= 3.3205931425309094E-004
CROTA1= 8.3449265954946384E+001
CROTA2= 8.3502924142828576E+001
CD1_1= 3.7898901406100941E-005
CD1_2=-3.3003588147807728E-004
CD2_1= 3.2992670707696954E-004
CD2_2= 3.7573343470877358E-005
CMDLINE="C:\Program Files\astap\astap.exe"   -f "C:\skytrack\Images\Streak_60418_212535.fits" -s 500
DIMENSIONS=6248 x 4176
WARNING=Warning inexact scale! Set FOV=1.39d or scale=1.2"/pix or FL=649mm 
