PLTSOLVD=T
CRPIX1= 3.1245000000000000E+003
CRPIX2= 2.0885000000000000E+003
CRVAL1= 9.5812981137589432E+001
CRVAL2= 1.0197900400054454E+001
CDELT1= 3.3199648285658760E-004
CDELT2= 3.3193060397656806E-004
CROTA1= 8.3476105525865961E+001
CROTA2= 8.3513542095193372E+001
CD1_1= 3.7720630437836489E-005
CD1_2=-3.2984665932599139E-004
CD2_1= 3.2980577808857677E-004
CD2_2= 3.7497661202236318E-005
CMDLINE="C:\Program Files\astap\astap.exe"   -f "C:\skytrack\Images\Streak_55463_213746.fits" -s 500
DIMENSIONS=6248 x 4176
WARNING=Warning inexact scale! Set FOV=1.39d or scale=1.2"/pix or FL=649mm 
