PLTSOLVD=T
CRPIX1= 3.1245000000000000E+003
CRPIX2= 2.0885000000000000E+003
CRVAL1= 1.0753980220203350E+002
CRVAL2= 1.5083243070854225E+001
CDELT1= 3.3216390874886843E-004
CDELT2= 3.3207281966709737E-004
CROTA1= 8.3453797344583336E+001
CROTA2= 8.3500476307995498E+001
CD1_1= 3.7868141057895247E-005
CD1_2=-3.2999828206847678E-004
CD2_1= 3.2993852015024964E-004
CD2_2= 3.7588967566559812E-005
CMDLINE="C:\Program Files\astap\astap.exe"   -f "C:\skytrack\Images\Streak_63994_222957.fits" -s 500
DIMENSIONS=6248 x 4176
WARNING=Warning inexact scale! Set FOV=1.39d or scale=1.2"/pix or FL=649mm 
