PLTSOLVD=T
CRPIX1= 3.1245000000000000E+003
CRPIX2= 2.0885000000000000E+003
CRVAL1= 8.7049364976871928E+001
CRVAL2= 2.5133719774590315E+001
CDELT1= 3.3196598721695547E-004
CDELT2= 3.3188281066557582E-004
CROTA1= 8.3477289478858822E+001
CROTA2= 8.3505446963399407E+001
CD1_1= 3.7710350304585981E-005
CD1_2=-3.2981714047155473E-004
CD2_1= 3.2975299027305995E-004
CD2_2= 3.7538852156901337E-005
CMDLINE="C:\Program Files\astap\astap.exe"   -f "C:\skytrack\Images\Streak_58932_212118.fits" -s 500
DIMENSIONS=6248 x 4176
WARNING=Warning inexact scale! Set FOV=1.39d or scale=1.2"/pix or FL=649mm 
