PLTSOLVD=T
CRPIX1= 3.1245000000000000E+003
CRPIX2= 2.0885000000000000E+003
CRVAL1= 1.0636109010047963E+002
CRVAL2= 7.4809607158603441E+001
CDELT1= 3.3194608320830148E-004
CDELT2= 3.3188684435513229E-004
CROTA1= 8.3386475838346612E+001
CROTA2= 8.3376248882098551E+001
CD1_1= 3.8230769529414689E-005
CD1_2=-3.2973718385787400E-004
CD2_1= 3.2967151120406098E-004
CD2_2= 3.8282791910184838E-005
CMDLINE="C:\Program Files\astap\astap.exe"   -f "C:\skytrack\Images\Streak_58932_212240.fits" -s 500
DIMENSIONS=6248 x 4176
WARNING=Warning inexact scale! Set FOV=1.39d or scale=1.2"/pix or FL=649mm 
