PLTSOLVD=T
CRPIX1= 3.1245000000000000E+003
CRPIX2= 2.0885000000000000E+003
CRVAL1= 1.7670313607740445E+002
CRVAL2= 1.8886390292717188E+001
CDELT1= 3.3212441435350202E-004
CDELT2= 3.3207620976758400E-004
CROTA1=-9.6301169710454218E+001
CROTA2=-9.6291611333980967E+001
CD1_1=-3.6452183269881417E-005
CD1_2= 3.3011795610738245E-004
CD2_1=-3.3007611840403202E-004
CD2_2=-3.6391828106484031E-005
CMDLINE="C:\Program Files\astap\astap.exe"   -f "C:\skytrack\Images\Streak_49436_205743.fits" -s 500
DIMENSIONS=6248 x 4176
WARNING=Warning inexact scale! Set FOV=1.39d or scale=1.2"/pix or FL=649mm 
