PLTSOLVD=T
CRPIX1= 3.1245000000000000E+003
CRPIX2= 2.0885000000000000E+003
CRVAL1= 9.9297326692849978E+001
CRVAL2= 1.9757019288531570E+001
CDELT1= 3.3212146832547416E-004
CDELT2= 3.3205521383955304E-004
CROTA1= 8.3471620948929115E+001
CROTA2= 8.3493018006168512E+001
CD1_1= 3.7760657892479173E-005
CD1_2=-3.2996788091903137E-004
CD2_1= 3.2991613191494878E-004
CD2_2= 3.7629920811894150E-005
CMDLINE="C:\Program Files\astap\astap.exe"   -f "C:\skytrack\Images\Streak_59542_214136.fits" -s 500
DIMENSIONS=6248 x 4176
WARNING=Warning inexact scale! Set FOV=1.39d or scale=1.2"/pix or FL=649mm 
