PLTSOLVD=T
CRPIX1= 3.1245000000000000E+003
CRPIX2= 2.0885000000000000E+003
CRVAL1= 1.6099104019782968E+002
CRVAL2=-8.2744087166912834E+000
CDELT1= 3.3208165252026392E-004
CDELT2= 3.3216760955897872E-004
CROTA1= 8.3439128969701727E+001
CROTA2= 8.3446349584419551E+001
CD1_1= 3.7943224659177626E-005
CD1_2=-3.2990685904214312E-004
CD2_1= 3.2999703350586562E-004
CD2_2= 3.7911458920156756E-005
CMDLINE="C:\Program Files\astap\astap.exe"   -f "C:\skytrack\Images\Streak_57166_221651.fits" -s 500
DIMENSIONS=6248 x 4176
WARNING=Warning inexact scale! Set FOV=1.39d or scale=1.2"/pix or FL=649mm 
