PLTSOLVD=T
CRPIX1= 3.1245000000000000E+003
CRPIX2= 2.0885000000000000E+003
CRVAL1= 2.1824596125092464E+002
CRVAL2= 3.1818940896991613E+001
CDELT1= 3.3198727544363075E-004
CDELT2= 3.3192210664964182E-004
CROTA1=-9.6326165962899850E+001
CROTA2=-9.6330194494982393E+001
CD1_1=-3.6581088242726339E-005
CD1_2= 3.2996571797606948E-004
CD2_1=-3.2989837364302995E-004
CD2_2=-3.6597103033163682E-005
CMDLINE="C:\Program Files\astap\astap.exe"   -f "C:\skytrack\Images\Streak_53923_211335.fits" -s 500
DIMENSIONS=6248 x 4176
WARNING=Warning inexact scale! Set FOV=1.39d or scale=1.2"/pix or FL=649mm 
