PLTSOLVD=T
CRPIX1= 3.1245000000000000E+003
CRPIX2= 2.0885000000000000E+003
CRVAL1= 1.2694936865018552E+002
CRVAL2= 2.2671231328649037E+000
CDELT1= 3.3207621889772731E-004
CDELT2= 3.3208857221264654E-004
CROTA1= 8.3474001689764847E+001
CROTA2= 8.3488095317467142E+001
CD1_1= 3.7741804331302601E-005
CD1_2=-3.2992449342725223E-004
CD2_1= 3.2994604079795195E-004
CD2_2= 3.7662049280281712E-005
CMDLINE="C:\Program Files\astap\astap.exe"   -f "C:\skytrack\Images\Streak_40358_213135.fits" -s 500
DIMENSIONS=6248 x 4176
WARNING=Warning inexact scale! Set FOV=1.39d or scale=1.2"/pix or FL=649mm 
