PLTSOLVD=T
CRPIX1= 3.1245000000000000E+003
CRPIX2= 2.0885000000000000E+003
CRVAL1= 1.9730342186043237E+002
CRVAL2=-1.5082453282148480E+001
CDELT1= 3.3223077418608203E-004
CDELT2= 3.3250708702759428E-004
CROTA1=-9.6278201032939464E+001
CROTA2=-9.6375716627059546E+001
CD1_1=-3.6331474073053608E-005
CD1_2= 3.3023826445153576E-004
CD2_1=-3.3045055503528806E-004
CD2_2=-3.6924160118359266E-005
CMDLINE="C:\Program Files\astap\astap.exe"   -f "C:\skytrack\Images\Streak_60418_212935.fits" -s 500
DIMENSIONS=6248 x 4176
WARNING=Warning inexact scale! Set FOV=1.39d or scale=1.2"/pix or FL=648mm 
