PLTSOLVD=T
CRPIX1= 3.1245000000000000E+003
CRPIX2= 2.0885000000000000E+003
CRVAL1= 1.7170013401589574E+002
CRVAL2= 2.5054510521955599E+001
CDELT1= 3.3196969681307934E-004
CDELT2= 3.3197861137364867E-004
CROTA1=-9.6288069844790982E+001
CROTA2=-9.6295637188423257E+001
CD1_1=-3.6359759737423115E-005
CD1_2= 3.2997249502648654E-004
CD2_1=-3.2997655073059091E-004
CD2_2=-3.6404318116369204E-005
CMDLINE="C:\Program Files\astap\astap.exe"   -f "C:\skytrack\Images\Streak_49436_205730.fits" -s 500
DIMENSIONS=6248 x 4176
WARNING=Warning inexact scale! Set FOV=1.39d or scale=1.2"/pix or FL=649mm 
