PLTSOLVD=T
CRPIX1= 3.1245000000000000E+003
CRPIX2= 2.0885000000000000E+003
CRVAL1= 1.5269929532034934E+002
CRVAL2= 2.4388928541476517E+001
CDELT1= 3.3203357809034580E-004
CDELT2= 3.3192727021633833E-004
CROTA1= 8.3441288506021053E+001
CROTA2= 8.3454724658762743E+001
CD1_1= 3.7925298983776492E-005
CD1_2=-3.2986052912779504E-004
CD2_1= 3.2976379876489842E-004
CD2_2= 3.7835826109835073E-005
CMDLINE="C:\Program Files\astap\astap.exe"   -f "C:\skytrack\Images\Streak_54068_222648.fits" -s 500
DIMENSIONS=6248 x 4176
WARNING=Warning inexact scale! Set FOV=1.39d or scale=1.2"/pix or FL=649mm 
