PLTSOLVD=T
CRPIX1= 3.1245000000000000E+003
CRPIX2= 2.0885000000000000E+003
CRVAL1= 3.4660088002733625E+002
CRVAL2= 7.3196572862428340E+001
CDELT1= 3.3206768247626139E-004
CDELT2= 3.3233684007772009E-004
CROTA1= 8.3151411364682204E+001
CROTA2= 8.3144000649461304E+001
CD1_1= 3.9597740149406784E-005
CD1_2=-3.2969829347483012E-004
CD2_1= 3.2996040202929708E-004
CD2_2= 3.9672513980194603E-005
CMDLINE="C:\Program Files\astap\astap.exe"   -f "C:\skytrack\Images\Streak_43071_220110.fits" -s 500
DIMENSIONS=6248 x 4176
WARNING=Warning inexact scale! Set FOV=1.39d or scale=1.2"/pix or FL=648mm 
