PLTSOLVD=T
CRPIX1= 3.1245000000000000E+003
CRPIX2= 2.0885000000000000E+003
CRVAL1= 2.7244259644432503E+002
CRVAL2= 8.1900586150721892E+001
CDELT1= 3.3203332578627927E-004
CDELT2= 3.3195261299422634E-004
CROTA1=-9.6081998425444382E+001
CROTA2=-9.6088209617287518E+001
CD1_1=-3.5179481475565095E-005
CD1_2= 3.3016440376849811E-004
CD2_1=-3.3008033061551040E-004
CD2_2=-3.5206712633388127E-005
CMDLINE="C:\Program Files\astap\astap.exe"   -f "C:\skytrack\Images\Streak_64855_214546.fits" -s 500
DIMENSIONS=6248 x 4176
WARNING=Warning inexact scale! Set FOV=1.39d or scale=1.2"/pix or FL=649mm 
