PLTSOLVD=T
CRPIX1= 3.1245000000000000E+003
CRPIX2= 2.0885000000000000E+003
CRVAL1= 1.6352631797751206E+002
CRVAL2= 3.6267660594843532E-001
CDELT1= 3.3241560187355194E-004
CDELT2= 3.3217034219707988E-004
CROTA1=-9.6321531531407160E+001
CROTA2=-9.6291185677425389E+001
CD1_1=-3.6601560580550950E-005
CD1_2= 3.3039439785205812E-004
CD2_1=-3.3016995430130047E-004
CD2_2=-3.6399691097621874E-005
CMDLINE="C:\Program Files\astap\astap.exe"   -f "C:\skytrack\Images\Streak_40339_211703.fits" -s 500
DIMENSIONS=6248 x 4176
WARNING=Warning inexact scale! Set FOV=1.39d or scale=1.2"/pix or FL=649mm 
