PLTSOLVD=T
CRPIX1= 3.1245000000000000E+003
CRPIX2= 2.0885000000000000E+003
CRVAL1= 1.8725669713378346E+002
CRVAL2= 2.1494169247134021E+001
CDELT1= 3.3220281942358370E-004
CDELT2= 3.3212934698712319E-004
CROTA1=-9.6260907255571837E+001
CROTA2=-9.6367300827518378E+001
CD1_1=-3.6228746858617770E-005
CD1_2= 3.3022142743019021E-004
CD2_1=-3.3008056511390208E-004
CD2_2=-3.6833729979190747E-005
CMDLINE="C:\Program Files\astap\astap.exe"   -f "C:\skytrack\Images\Streak_40339_211833.fits" -s 500
DIMENSIONS=6248 x 4176
WARNING=Warning inexact scale! Set FOV=1.39d or scale=1.2"/pix or FL=649mm 
