PLTSOLVD=T
CRPIX1= 3.1245000000000000E+003
CRPIX2= 2.0885000000000000E+003
CRVAL1= 1.4853328167244274E+002
CRVAL2=-4.0239958378740415E+000
CDELT1= 3.3207989489661925E-004
CDELT2= 3.3210259850183753E-004
CROTA1= 8.3460396461030584E+001
CROTA2= 8.3466493968055673E+001
CD1_1= 3.7820564488559635E-005
CD1_2=-3.2991917418712785E-004
CD2_1= 3.2994575339918261E-004
CD2_2= 3.7788037068872241E-005
CMDLINE="C:\Program Files\astap\astap.exe"   -f "C:\skytrack\Images\Streak_48381_215403.fits" -s 500
DIMENSIONS=6248 x 4176
WARNING=Warning inexact scale! Set FOV=1.39d or scale=1.2"/pix or FL=649mm 
