PLTSOLVD=T
CRPIX1= 3.1245000000000000E+003
CRPIX2= 2.0885000000000000E+003
CRVAL1= 1.4974240509179307E+002
CRVAL2= 9.9397714889241939E+000
CDELT1= 3.3201126776156911E-004
CDELT2= 3.3202311808831373E-004
CROTA1= 8.3475549102561104E+001
CROTA2= 8.3459074672039989E+001
CD1_1= 3.7725513682561760E-005
CD1_2=-3.2986098213949339E-004
CD2_1= 3.2986189436169726E-004
CD2_2= 3.7821707962476040E-005
CMDLINE="C:\Program Files\astap\astap.exe"   -f "C:\skytrack\Images\Streak_64855_214757.fits" -s 500
DIMENSIONS=6248 x 4176
WARNING=Warning inexact scale! Set FOV=1.39d or scale=1.2"/pix or FL=649mm 
