PLTSOLVD=T
CRPIX1= 3.1245000000000000E+003
CRPIX2= 2.0885000000000000E+003
CRVAL1= 1.0150061334284679E+002
CRVAL2= 1.3624617981637591E+001
CDELT1= 3.3199784758007400E-004
CDELT2= 3.3192140229832047E-004
CROTA1= 8.3473694489112020E+001
CROTA2= 8.3507204705170182E+001
CD1_1= 3.7734665640202810E-005
CD1_2=-3.2984642760961375E-004
CD2_1= 3.2979248585830604E-004
CD2_2= 3.7533099726541466E-005
CMDLINE="C:\Program Files\astap\astap.exe"   -f "C:\skytrack\Images\Streak_55463_213808.fits" -s 500
DIMENSIONS=6248 x 4176
WARNING=Warning inexact scale! Set FOV=1.39d or scale=1.2"/pix or FL=649mm 
