PLTSOLVD=T
CRPIX1= 3.1245000000000000E+003
CRPIX2= 2.0885000000000000E+003
CRVAL1= 2.3207369456969874E+002
CRVAL2= 3.2282228322517390E+001
CDELT1= 3.3222508910070914E-004
CDELT2= 3.3209231438188715E-004
CROTA1=-9.6359450737673342E+001
CROTA2=-9.6362237444193610E+001
CD1_1=-3.6799110256000874E-005
CD1_2= 3.3018076157211344E-004
CD2_1=-3.3004701439379641E-004
CD2_2=-3.6800455992545813E-005
CMDLINE="C:\Program Files\astap\astap.exe"   -f "C:\skytrack\Images\Streak_48381_215620.fits" -s 500
DIMENSIONS=6248 x 4176
WARNING=Warning inexact scale! Set FOV=1.39d or scale=1.2"/pix or FL=649mm 
