PLTSOLVD=T
CRPIX1= 3.1245000000000000E+003
CRPIX2= 2.0885000000000000E+003
CRVAL1= 2.6629599764339230E+002
CRVAL2= 6.4904521999511758E+001
CDELT1= 3.3221803854701596E-004
CDELT2= 3.3201349842970531E-004
CROTA1=-9.6317695210501853E+001
CROTA2=-9.6341670389748884E+001
CD1_1=-3.6557698347412290E-005
CD1_2= 3.3020048429335499E-004
CD2_1=-3.2998186945663161E-004
CD2_2=-3.6673273230493826E-005
CMDLINE="C:\Program Files\astap\astap.exe"   -f "C:\skytrack\Images\Streak_51771_223832.fits" -s 500
DIMENSIONS=6248 x 4176
WARNING=Warning inexact scale! Set FOV=1.39d or scale=1.2"/pix or FL=649mm 
