PLTSOLVD=T
CRPIX1= 3.1245000000000000E+003
CRPIX2= 2.0885000000000000E+003
CRVAL1= 2.3195553133527997E+002
CRVAL2= 3.1921032219308827E+001
CDELT1= 3.3212005770448652E-004
CDELT2= 3.3201097105270210E-004
CROTA1=-9.6315286480886115E+001
CROTA2=-9.6379356798926736E+001
CD1_1=-3.6533038756809032E-005
CD1_2= 3.3010463463699650E-004
CD2_1=-3.2995516443356246E-004
CD2_2=-3.6890030671970905E-005
CMDLINE="C:\Program Files\astap\astap.exe"   -f "C:\skytrack\Images\Streak_53923_211414.fits" -s 500
DIMENSIONS=6248 x 4176
WARNING=Warning inexact scale! Set FOV=1.39d or scale=1.2"/pix or FL=649mm 
