PLTSOLVD=T
CRPIX1= 3.1245000000000000E+003
CRPIX2= 2.0885000000000000E+003
CRVAL1= 1.7802620523173738E+002
CRVAL2= 5.0912911600283927E+001
CDELT1= 3.3234692505442940E-004
CDELT2= 3.3211507279063839E-004
CROTA1=-9.6208766362074840E+001
CROTA2=-9.6201086886726614E+001
CD1_1=-3.5943805639566708E-005
CD1_2= 3.3039752031345445E-004
CD2_1=-3.3017183929402125E-004
CD2_2=-3.5874477166002914E-005
CMDLINE="C:\Program Files\astap\astap.exe"   -f "C:\skytrack\Images\Streak_50193_205908.fits" -s 500
DIMENSIONS=6248 x 4176
WARNING=Warning inexact scale! Set FOV=1.39d or scale=1.2"/pix or FL=649mm 
