PLTSOLVD=T
CRPIX1= 3.1245000000000000E+003
CRPIX2= 2.0885000000000000E+003
CRVAL1= 1.8784475160554038E+002
CRVAL2=-8.6735644932020808E+000
CDELT1= 3.3211359923624204E-004
CDELT2= 3.3224302678975382E-004
CROTA1=-9.6289552768000078E+001
CROTA2=-9.6343517035719429E+001
CD1_1=-3.6384064990405780E-005
CD1_2= 3.3011459012352834E-004
CD2_1=-3.3020881033596306E-004
CD2_2=-3.6709268951111555E-005
CMDLINE="C:\Program Files\astap\astap.exe"   -f "C:\skytrack\Images\Streak_44768_212003.fits" -s 500
DIMENSIONS=6248 x 4176
WARNING=Warning inexact scale! Set FOV=1.39d or scale=1.2"/pix or FL=648mm 
