PLTSOLVD=T
CRPIX1= 3.1245000000000000E+003
CRPIX2= 2.0885000000000000E+003
CRVAL1= 1.0937512691288009E+002
CRVAL2= 2.5145388291131564E+001
CDELT1= 3.3201455396898619E-004
CDELT2= 3.3195570638613930E-004
CROTA1= 8.3474555675136926E+001
CROTA2= 8.3491135728089318E+001
CD1_1= 3.7731606456916812E-005
CD1_2=-3.2986359290077043E-004
CD2_1= 3.2981602945943400E-004
CD2_2= 3.7629479320533881E-005
CMDLINE="C:\Program Files\astap\astap.exe"   -f "C:\skytrack\Images\Streak_59542_214202.fits" -s 500
DIMENSIONS=6248 x 4176
WARNING=Warning inexact scale! Set FOV=1.39d or scale=1.2"/pix or FL=649mm 
