PLTSOLVD=T
CRPIX1= 3.1245000000000000E+003
CRPIX2= 2.0885000000000000E+003
CRVAL1= 1.8103510942104231E+002
CRVAL2= 1.7141169931054186E+001
CDELT1= 3.3201907998567463E-004
CDELT2= 3.3206941440821575E-004
CROTA1=-9.6332934809529590E+001
CROTA2=-9.6337117457296841E+001
CD1_1=-3.6623577915652181E-005
CD1_2= 3.2999300449432255E-004
CD2_1=-3.3004035692017520E-004
CD2_2=-3.6653223451951559E-005
CMDLINE="C:\Program Files\astap\astap.exe"   -f "C:\skytrack\Images\Streak_48381_215502.fits" -s 500
DIMENSIONS=6248 x 4176
WARNING=Warning inexact scale! Set FOV=1.39d or scale=1.2"/pix or FL=649mm 
