PLTSOLVD=T
CRPIX1= 3.1245000000000000E+003
CRPIX2= 2.0885000000000000E+003
CRVAL1= 1.7654804218489974E+002
CRVAL2= 2.1626869390944723E+000
CDELT1= 3.3214073475117633E-004
CDELT2= 3.3211295719340735E-004
CROTA1=-9.6304011831275801E+001
CROTA2=-9.6305374457014139E+001
CD1_1=-3.6470350560409526E-005
CD1_2= 3.3013236922642425E-004
CD2_1=-3.3010389226222439E-004
CD2_2=-3.6475151117984051E-005
CMDLINE="C:\Program Files\astap\astap.exe"   -f "C:\skytrack\Images\Streak_44768_211921.fits" -s 500
DIMENSIONS=6248 x 4176
WARNING=Warning inexact scale! Set FOV=1.39d or scale=1.2"/pix or FL=649mm 
