PLTSOLVD=T
CRPIX1= 3.1245000000000000E+003
CRPIX2= 2.0885000000000000E+003
CRVAL1= 8.9938637287905962E+001
CRVAL2= 3.8123702664113416E+001
CDELT1= 3.3204843274685142E-004
CDELT2= 3.3195225773475264E-004
CROTA1= 8.3476387142088342E+001
CROTA2= 8.3479620096995134E+001
CD1_1= 3.7724911364175553E-005
CD1_2=-3.2989845824466261E-004
CD2_1= 3.2980503346769245E-004
CD2_2= 3.7695375241187397E-005
CMDLINE="C:\Program Files\astap\astap.exe"   -f "C:\skytrack\Images\Streak_66221_214439.fits" -s 500
DIMENSIONS=6248 x 4176
WARNING=Warning inexact scale! Set FOV=1.39d or scale=1.2"/pix or FL=649mm 
