PLTSOLVD=T
CRPIX1= 3.1245000000000000E+003
CRPIX2= 2.0885000000000000E+003
CRVAL1= 1.3931951018963491E+002
CRVAL2= 4.0428619484367786E+001
CDELT1= 3.3203672377322583E-004
CDELT2= 3.3197715897551083E-004
CROTA1= 8.3474562699479790E+001
CROTA2= 8.3463964356638769E+001
CD1_1= 3.7734085488509617E-005
CD1_2=-3.2988562370373664E-004
CD2_1= 3.2981946050672051E-004
CD2_2= 3.7788325611323770E-005
CMDLINE="C:\Program Files\astap\astap.exe"   -f "C:\skytrack\Images\Streak_40358_213329.fits" -s 500
DIMENSIONS=6248 x 4176
WARNING=Warning inexact scale! Set FOV=1.39d or scale=1.2"/pix or FL=649mm 
