PLTSOLVD=T
CRPIX1= 3.1245000000000000E+003
CRPIX2= 2.0885000000000000E+003
CRVAL1= 1.0526127881341341E+002
CRVAL2= 4.5327202573940092E+001
CDELT1= 3.3212485750103886E-004
CDELT2= 3.3202018154777018E-004
CROTA1= 8.3471973389779095E+001
CROTA2= 8.3479354967360521E+001
CD1_1= 3.7759013488465569E-005
CD1_2=-3.2997148038953797E-004
CD2_1= 3.2987234344710885E-004
CD2_2= 3.7704614886336479E-005
CMDLINE="C:\Program Files\astap\astap.exe"   -f "C:\skytrack\Images\Streak_41188_213353.fits" -s 500
DIMENSIONS=6248 x 4176
WARNING=Warning inexact scale! Set FOV=1.39d or scale=1.2"/pix or FL=649mm 
