PLTSOLVD=T
CRPIX1= 3.1245000000000000E+003
CRPIX2= 2.0885000000000000E+003
CRVAL1= 1.3961873428222063E+002
CRVAL2=-1.0328254634394808E+001
CDELT1= 3.3200264599743059E-004
CDELT2= 3.3211384500843338E-004
CROTA1= 8.3453592306856265E+001
CROTA2= 8.3475591499741071E+001
CD1_1= 3.7850936750429049E-005
CD1_2=-3.2983793525974268E-004
CD2_1= 3.2996292296459049E-004
CD2_2= 3.7736925086040153E-005
CMDLINE="C:\Program Files\astap\astap.exe"   -f "C:\skytrack\Images\Streak_48381_215337.fits" -s 500
DIMENSIONS=6248 x 4176
WARNING=Warning inexact scale! Set FOV=1.39d or scale=1.2"/pix or FL=649mm 
