PLTSOLVD=T
CRPIX1= 3.1245000000000000E+003
CRPIX2= 2.0885000000000000E+003
CRVAL1= 1.8668941567462721E+002
CRVAL2= 4.3419990119481952E+001
CDELT1= 3.3205391742323245E-004
CDELT2= 3.3195660461366160E-004
CROTA1=-9.6297903442213524E+001
CROTA2=-9.6320254306620399E+001
CD1_1=-3.6425630763714600E-005
CD1_2= 3.3004996212631260E-004
CD2_1=-3.2993900616255529E-004
CD2_2=-3.6543666470350105E-005
CMDLINE="C:\Program Files\astap\astap.exe"   -f "C:\skytrack\Images\Streak_47799_215132.fits" -s 500
DIMENSIONS=6248 x 4176
WARNING=Warning inexact scale! Set FOV=1.39d or scale=1.2"/pix or FL=649mm 
