PLTSOLVD=T
CRPIX1= 3.1245000000000000E+003
CRPIX2= 2.0885000000000000E+003
CRVAL1= 2.1958964638369866E+002
CRVAL2= 2.2484165650542138E+001
CDELT1= 3.3193317332328305E-004
CDELT2= 3.3216078809945914E-004
CROTA1=-9.6342271214044260E+001
CROTA2=-9.6382205355436682E+001
CD1_1=-3.6667860216341118E-005
CD1_2= 3.2990165137449607E-004
CD2_1=-3.3010221852977807E-004
CD2_2=-3.6923088610954951E-005
CMDLINE="C:\Program Files\astap\astap.exe"   -f "C:\skytrack\Images\Streak_59504_215244.fits" -s 500
DIMENSIONS=6248 x 4176
WARNING=Warning inexact scale! Set FOV=1.39d or scale=1.2"/pix or FL=649mm 
