PLTSOLVD=T
CRPIX1= 3.1245000000000000E+003
CRPIX2= 2.0885000000000000E+003
CRVAL1= 8.4854188281296729E+001
CRVAL2= 2.9034400088204038E+001
CDELT1= 3.3227665435044248E-004
CDELT2= 3.3218018774492210E-004
CROTA1= 8.3481249238369927E+001
CROTA2= 8.3484520524531490E+001
CD1_1= 3.7722825806774832E-005
CD1_2=-3.3012840447237368E-004
CD2_1= 3.3003471415781876E-004
CD2_2= 3.7693030934358895E-005
CMDLINE="C:\Program Files\astap\astap.exe"   -f "C:\skytrack\Images\Streak_39012_210921.fits" -s 500
DIMENSIONS=6248 x 4176
WARNING=Warning inexact scale! Set FOV=1.39d or scale=1.2"/pix or FL=649mm 
