PLTSOLVD=T
CRPIX1= 3.1245000000000000E+003
CRPIX2= 2.0885000000000000E+003
CRVAL1= 1.0451483192556427E+002
CRVAL2= 1.7647344726775071E+001
CDELT1= 3.3212716788316856E-004
CDELT2= 3.3204126971022197E-004
CROTA1= 8.3466297428548813E+001
CROTA2= 8.3497350959973588E+001
CD1_1= 3.7791964560632630E-005
CD1_2=-3.2997003357993328E-004
CD2_1= 3.2990512228689211E-004
CD2_2= 3.7603391863595913E-005
CMDLINE="C:\Program Files\astap\astap.exe"   -f "C:\skytrack\Images\Streak_66494_220200.fits" -s 500
DIMENSIONS=6248 x 4176
WARNING=Warning inexact scale! Set FOV=1.39d or scale=1.2"/pix or FL=649mm 
