PLTSOLVD=T
CRPIX1= 3.1245000000000000E+003
CRPIX2= 2.0885000000000000E+003
CRVAL1= 1.6212526677971027E+002
CRVAL2= 4.9254372640000568E+001
CDELT1= 3.3207305551723052E-004
CDELT2= 3.3205559445097026E-004
CROTA1=-9.6269611226608191E+001
CROTA2=-9.6282007147508608E+001
CD1_1=-3.6264740210651817E-005
CD1_2= 3.3008693221332406E-004
CD2_1=-3.3006172240595194E-004
CD2_2=-3.6334242920467522E-005
CMDLINE="C:\Program Files\astap\astap.exe"   -f "C:\skytrack\Images\Streak_43071_220356.fits" -s 500
DIMENSIONS=6248 x 4176
WARNING=Warning inexact scale! Set FOV=1.39d or scale=1.2"/pix or FL=649mm 
