PLTSOLVD=T
CRPIX1= 3.1245000000000000E+003
CRPIX2= 2.0885000000000000E+003
CRVAL1= 9.6362007718409842E+001
CRVAL2= 1.2338279062382924E+001
CDELT1= 3.3227532590428607E-004
CDELT2= 3.3217064241356132E-004
CROTA1= 8.3444922728322794E+001
CROTA2= 8.3525011839253423E+001
CD1_1= 3.7931973646430204E-005
CD1_2=-3.3010310143966547E-004
CD2_1= 3.3005178521663552E-004
CD2_2= 3.7458707355566176E-005
CMDLINE="C:\Program Files\astap\astap.exe"   -f "C:\skytrack\Images\Streak_66494_220125.fits" -s 500
DIMENSIONS=6248 x 4176
WARNING=Warning inexact scale! Set FOV=1.39d or scale=1.2"/pix or FL=649mm 
