PLTSOLVD=T
CRPIX1= 3.1245000000000000E+003
CRPIX2= 2.0885000000000000E+003
CRVAL1= 9.7323114410103727E+001
CRVAL2= 3.6912117997965559E+001
CDELT1= 3.3211614427806148E-004
CDELT2= 3.3202448467136982E-004
CROTA1= 8.3476267217582304E+001
CROTA2= 8.3487482559977408E+001
CD1_1= 3.7733294896265630E-005
CD1_2=-3.2996565237369423E-004
CD2_1= 3.2988196400637881E-004
CD2_2= 3.7658309104139092E-005
CMDLINE="C:\Program Files\astap\astap.exe"   -f "C:\skytrack\Images\Streak_41188_213328.fits" -s 500
DIMENSIONS=6248 x 4176
WARNING=Warning inexact scale! Set FOV=1.39d or scale=1.2"/pix or FL=649mm 
