PLTSOLVD=T
CRPIX1= 3.1245000000000000E+003
CRPIX2= 2.0885000000000000E+003
CRVAL1= 1.3805922110064901E+002
CRVAL2=-3.4768864297715005E+000
CDELT1= 3.3195421222420926E-004
CDELT2= 3.3198745357967545E-004
CROTA1= 8.3494318539791649E+001
CROTA2= 8.3489960533250567E+001
CD1_1= 3.7610988511593294E-005
CD1_2=-3.2981663474812204E-004
CD2_1= 3.2984680005886406E-004
CD2_2= 3.7639843586881471E-005
CMDLINE="C:\Program Files\astap\astap.exe"   -f "C:\skytrack\Images\Streak_53923_211105.fits" -s 500
DIMENSIONS=6248 x 4176
WARNING=Warning inexact scale! Set FOV=1.39d or scale=1.2"/pix or FL=649mm 
