PLTSOLVD=T
CRPIX1= 3.1245000000000000E+003
CRPIX2= 2.0885000000000000E+003
CRVAL1= 1.1791635814000179E+002
CRVAL2= 2.4230230069500602E+000
CDELT1= 3.3208134724904904E-004
CDELT2= 3.3211855739252093E-004
CROTA1= 8.3476250397267478E+001
CROTA2= 8.3487860921585593E+001
CD1_1= 3.7729438298108288E-005
CD1_2=-3.2993106958340967E-004
CD2_1= 3.2997567843148193E-004
CD2_2= 3.7666799813263499E-005
CMDLINE="C:\Program Files\astap\astap.exe"   -f "C:\skytrack\Images\Streak_47772_214718.fits" -s 500
DIMENSIONS=6248 x 4176
WARNING=Warning inexact scale! Set FOV=1.39d or scale=1.2"/pix or FL=649mm 
