PLTSOLVD=T
CRPIX1= 3.1245000000000000E+003
CRPIX2= 2.0885000000000000E+003
CRVAL1= 2.1299592084519676E+002
CRVAL2= 2.3932236946718753E+001
CDELT1= 3.3196268548148802E-004
CDELT2= 3.3201194627369325E-004
CROTA1=-9.6330901549499018E+001
CROTA2=-9.6356155170315617E+001
CD1_1=-3.6605648760811131E-005
CD1_2= 3.2993825336096068E-004
CD2_1=-3.2997104503282044E-004
CD2_2=-3.6756521984460808E-005
CMDLINE="C:\Program Files\astap\astap.exe"   -f "C:\skytrack\Images\Streak_55463_214104.fits" -s 500
DIMENSIONS=6248 x 4176
WARNING=Warning inexact scale! Set FOV=1.39d or scale=1.2"/pix or FL=649mm 
