PLTSOLVD=T
CRPIX1= 3.1245000000000000E+003
CRPIX2= 2.0885000000000000E+003
CRVAL1= 7.7739639347984067E+001
CRVAL2= 5.0311839440835392E+001
CDELT1= 3.3215364078905416E-004
CDELT2= 3.3203007070105626E-004
CROTA1= 8.3446967435795827E+001
CROTA2= 8.3469258025021162E+001
CD1_1= 3.7906306226226247E-005
CD1_2=-3.2998356479938147E-004
CD2_1= 3.2987551881578204E-004
CD2_2= 3.7763870773095744E-005
CMDLINE="C:\Program Files\astap\astap.exe"   -f "C:\skytrack\Images\Streak_49445_213759.fits" -s 500
DIMENSIONS=6248 x 4176
WARNING=Warning inexact scale! Set FOV=1.39d or scale=1.2"/pix or FL=649mm 
