PLTSOLVD=T
CRPIX1= 3.1245000000000000E+003
CRPIX2= 2.0885000000000000E+003
CRVAL1= 1.0695132753168295E+002
CRVAL2= 2.5323555877901683E+001
CDELT1= 3.3219043133029050E-004
CDELT2= 3.3214090677987891E-004
CROTA1= 8.3502656447946350E+001
CROTA2= 8.3491182492146862E+001
CD1_1= 3.7589721774368472E-005
CD1_2=-3.3005680645054118E-004
CD2_1= 3.3000006684226626E-004
CD2_2= 3.7650203726673166E-005
CMDLINE="C:\Program Files\astap\astap.exe"   -f "C:\skytrack\Images\Streak_42954_212137.fits" -s 500
DIMENSIONS=6248 x 4176
WARNING=Warning inexact scale! Set FOV=1.39d or scale=1.2"/pix or FL=649mm 
