PLTSOLVD=T
CRPIX1= 3.1245000000000000E+003
CRPIX2= 2.0885000000000000E+003
CRVAL1= 1.0509462980441758E+002
CRVAL2= 3.2950255456420501E+000
CDELT1= 3.3215238309858790E-004
CDELT2= 3.3217296155933968E-004
CROTA1= 8.3467346463375875E+001
CROTA2= 8.3511268187399651E+001
CD1_1= 3.7788791817124656E-005
CD1_2=-3.2999577695945307E-004
CD2_1= 3.3004509471677522E-004
CD2_2= 3.7538138532663441E-005
CMDLINE="C:\Program Files\astap\astap.exe"   -f "C:\skytrack\Images\Streak_48390_212132.fits" -s 500
DIMENSIONS=6248 x 4176
WARNING=Warning inexact scale! Set FOV=1.39d or scale=1.2"/pix or FL=649mm 
