PLTSOLVD=T
CRPIX1= 3.1245000000000000E+003
CRPIX2= 2.0885000000000000E+003
CRVAL1= 1.1137019496371322E+002
CRVAL2= 5.9709786538064922E+000
CDELT1= 3.3208479773583780E-004
CDELT2= 3.3207546380528447E-004
CROTA1= 8.3472859299318188E+001
CROTA2= 8.3495833098249022E+001
CD1_1= 3.7749357704506891E-005
CD1_2=-3.2993226407877947E-004
CD2_1= 3.2993810000280692E-004
CD2_2= 3.7616004945137094E-005
CMDLINE="C:\Program Files\astap\astap.exe"   -f "C:\skytrack\Images\Streak_47772_214705.fits" -s 500
DIMENSIONS=6248 x 4176
WARNING=Warning inexact scale! Set FOV=1.39d or scale=1.2"/pix or FL=649mm 
