PLTSOLVD=T
CRPIX1= 3.1245000000000000E+003
CRPIX2= 2.0885000000000000E+003
CRVAL1= 1.0523199084351577E+002
CRVAL2= 6.5357772391447654E+001
CDELT1= 3.3205604177840182E-004
CDELT2= 3.3200923497132920E-004
CROTA1= 8.3429723678799419E+001
CROTA2= 8.3426337907794618E+001
CD1_1= 3.7994449018023706E-005
CD1_2=-3.2987518355486600E-004
CD2_1= 3.2982643870306717E-004
CD2_2= 3.8008583750242120E-005
CMDLINE="C:\Program Files\astap\astap.exe"   -f "C:\skytrack\Images\Streak_47799_215032.fits" -s 500
DIMENSIONS=6248 x 4176
WARNING=Warning inexact scale! Set FOV=1.39d or scale=1.2"/pix or FL=649mm 
