PLTSOLVD=T
CRPIX1= 3.1245000000000000E+003
CRPIX2= 2.0885000000000000E+003
CRVAL1= 1.8121442684539252E+002
CRVAL2=-2.3080607404381328E+000
CDELT1= 3.3208028623745811E-004
CDELT2= 3.3211026277902287E-004
CROTA1=-9.6299327499894105E+001
CROTA2=-9.6320541917216616E+001
CD1_1=-3.6436727233716065E-005
CD1_2= 3.3007526628944475E-004
CD2_1=-3.3009154688002046E-004
CD2_2=-3.6562239011128556E-005
CMDLINE="C:\Program Files\astap\astap.exe"   -f "C:\skytrack\Images\Streak_44768_211935.fits" -s 500
DIMENSIONS=6248 x 4176
WARNING=Warning inexact scale! Set FOV=1.39d or scale=1.2"/pix or FL=649mm 
