PLTSOLVD=T
CRPIX1= 3.1245000000000000E+003
CRPIX2= 2.0885000000000000E+003
CRVAL1= 1.4109714482558797E+002
CRVAL2= 1.2170742890520957E+001
CDELT1= 3.3202693159675327E-004
CDELT2= 3.3205510397217239E-004
CROTA1= 8.3455721119539916E+001
CROTA2= 8.3448901412807700E+001
CD1_1= 3.7841449519558918E-005
CD1_2=-3.2986346873185846E-004
CD2_1= 3.2988695069007066E-004
CD2_2= 3.7883925857507147E-005
CMDLINE="C:\Program Files\astap\astap.exe"   -f "C:\skytrack\Images\Streak_54068_222619.fits" -s 500
DIMENSIONS=6248 x 4176
WARNING=Warning inexact scale! Set FOV=1.39d or scale=1.2"/pix or FL=649mm 
