PLTSOLVD=T
CRPIX1= 3.1245000000000000E+003
CRPIX2= 2.0885000000000000E+003
CRVAL1= 5.0348818316732824E+001
CRVAL2= 6.2996775417482034E+001
CDELT1= 3.3227196653164365E-004
CDELT2= 3.3216645696111782E-004
CROTA1= 8.3400433150728773E+001
CROTA2= 8.3472716311817578E+001
CD1_1= 3.8187897723007150E-005
CD1_2=-3.3007021103138471E-004
CD2_1= 3.3001329976720649E-004
CD2_2= 3.7759463805277694E-005
CMDLINE="C:\Program Files\astap\astap.exe"   -f "C:\skytrack\Images\Streak_57166_222146.fits" -s 500
DIMENSIONS=6248 x 4176
WARNING=Warning inexact scale! Set FOV=1.39d or scale=1.2"/pix or FL=649mm 
