PLTSOLVD=T
CRPIX1= 3.1245000000000000E+003
CRPIX2= 2.0885000000000000E+003
CRVAL1= 1.6628365362957393E+002
CRVAL2= 6.8521461924924594E+001
CDELT1= 3.3204854496437348E-004
CDELT2= 3.3199859916660610E-004
CROTA1=-9.6156955539438158E+001
CROTA2=-9.6140586070781225E+001
CD1_1=-3.5613020606616327E-005
CD1_2= 3.3013322913065003E-004
CD2_1=-3.3009373110714786E-004
CD2_2=-3.5513357097728093E-005
CMDLINE="C:\Program Files\astap\astap.exe"   -f "C:\skytrack\Images\Streak_64855_214635.fits" -s 500
DIMENSIONS=6248 x 4176
WARNING=Warning inexact scale! Set FOV=1.39d or scale=1.2"/pix or FL=649mm 
