PLTSOLVD=T
CRPIX1= 3.1245000000000000E+003
CRPIX2= 2.0885000000000000E+003
CRVAL1= 1.3067264384579624E+002
CRVAL2= 1.5591835245640196E+001
CDELT1= 3.3201691216859383E-004
CDELT2= 3.3197533959343771E-004
CROTA1= 8.3480978272336813E+001
CROTA2= 8.3482034114083817E+001
CD1_1= 3.7694897739855160E-005
CD1_2=-3.2987016332240417E-004
CD2_1= 3.2982955404182638E-004
CD2_2= 3.7684099813425944E-005
CMDLINE="C:\Program Files\astap\astap.exe"   -f "C:\skytrack\Images\Streak_40358_213223.fits" -s 500
DIMENSIONS=6248 x 4176
WARNING=Warning inexact scale! Set FOV=1.39d or scale=1.2"/pix or FL=649mm 
