PLTSOLVD=T
CRPIX1= 3.1245000000000000E+003
CRPIX2= 2.0885000000000000E+003
CRVAL1= 2.1605579421604267E+002
CRVAL2= 5.5235881436362895E+001
CDELT1= 3.3210559318591165E-004
CDELT2= 3.3208716820600116E-004
CROTA1=-9.6289572409949798E+001
CROTA2=-9.6307628371733742E+001
CD1_1=-3.6383301069061168E-005
CD1_2= 3.3010661978924975E-004
CD2_1=-3.3007682426926022E-004
CD2_2=-3.6485303444001094E-005
CMDLINE="C:\Program Files\astap\astap.exe"   -f "C:\skytrack\Images\Streak_41188_213600.fits" -s 500
DIMENSIONS=6248 x 4176
WARNING=Warning inexact scale! Set FOV=1.39d or scale=1.2"/pix or FL=649mm 
