PLTSOLVD=T
CRPIX1= 3.1245000000000000E+003
CRPIX2= 2.0885000000000000E+003
CRVAL1= 9.6457191087178813E+001
CRVAL2= 3.9374846505030135E+001
CDELT1= 3.3207642660695592E-004
CDELT2= 3.3200893336715690E-004
CROTA1= 8.3482255301499364E+001
CROTA2= 8.3485866376419807E+001
CD1_1= 3.7694301003082026E-005
CD1_2=-3.2993013317963852E-004
CD2_1= 3.2986545071648669E-004
CD2_2= 3.7665850039609264E-005
CMDLINE="C:\Program Files\astap\astap.exe"   -f "C:\skytrack\Images\Streak_52331_211230.fits" -s 500
DIMENSIONS=6248 x 4176
WARNING=Warning inexact scale! Set FOV=1.39d or scale=1.2"/pix or FL=649mm 
