PLTSOLVD=T
CRPIX1= 3.1245000000000000E+003
CRPIX2= 2.0885000000000000E+003
CRVAL1= 7.9014864828717876E+001
CRVAL2= 4.9832959886411558E+001
CDELT1= 3.3227287121260205E-004
CDELT2= 3.3215874089375318E-004
CROTA1= 8.3460942339453155E+001
CROTA2= 8.3464556469117852E+001
CD1_1= 3.7839397460355455E-005
CD1_2=-3.3011125540293785E-004
CD2_1= 3.3000025293855389E-004
CD2_2= 3.7805584410426818E-005
CMDLINE="C:\Program Files\astap\astap.exe"   -f "C:\skytrack\Images\Streak_48093_210415.fits" -s 500
DIMENSIONS=6248 x 4176
WARNING=Warning inexact scale! Set FOV=1.39d or scale=1.2"/pix or FL=649mm 
