PLTSOLVD=T
CRPIX1= 3.1245000000000000E+003
CRPIX2= 2.0885000000000000E+003
CRVAL1= 7.7737645700293584E+001
CRVAL2= 3.7169946321746451E+001
CDELT1= 3.3211652569983379E-004
CDELT2= 3.3191767046554716E-004
CROTA1= 8.3466305849376766E+001
CROTA2= 8.3494141292851211E+001
CD1_1= 3.7790705117242781E-005
CD1_2=-3.2995946607071295E-004
CD2_1= 3.2978021195555847E-004
CD2_2= 3.7607868456248221E-005
CMDLINE="C:\Program Files\astap\astap.exe"   -f "C:\skytrack\Images\Streak_66221_214414.fits" -s 500
DIMENSIONS=6248 x 4176
WARNING=Warning inexact scale! Set FOV=1.39d or scale=1.2"/pix or FL=649mm 
