PLTSOLVD=T
CRPIX1= 3.1245000000000000E+003
CRPIX2= 2.0885000000000000E+003
CRVAL1= 8.6226315900164138E+001
CRVAL2= 4.9506142170486910E+001
CDELT1= 3.3225313859922142E-004
CDELT2= 3.3212013223637082E-004
CROTA1= 8.3464482535255925E+001
CROTA2= 8.3484199665878492E+001
CD1_1= 3.7816754501443214E-005
CD1_2=-3.3009398841543755E-004
CD2_1= 3.2997483548416077E-004
CD2_2= 3.7688064210111487E-005
CMDLINE="C:\Program Files\astap\astap.exe"   -f "C:\skytrack\Images\Streak_39012_211010.fits" -s 500
DIMENSIONS=6248 x 4176
WARNING=Warning inexact scale! Set FOV=1.39d or scale=1.2"/pix or FL=649mm 
