PLTSOLVD=T
CRPIX1= 3.1245000000000000E+003
CRPIX2= 2.0885000000000000E+003
CRVAL1= 2.0725058392011712E+002
CRVAL2= 5.8962854675120425E+001
CDELT1= 3.3216952304979260E-004
CDELT2= 3.3201257230695288E-004
CROTA1=-9.6266688232569791E+001
CROTA2=-9.6256423331407078E+001
CD1_1=-3.6258430540373600E-005
CD1_2= 3.3018467296026268E-004
CD2_1=-3.3003514762417960E-004
CD2_2=-3.6182171059315787E-005
CMDLINE="C:\Program Files\astap\astap.exe"   -f "C:\skytrack\Images\Streak_41188_213546.fits" -s 500
DIMENSIONS=6248 x 4176
WARNING=Warning inexact scale! Set FOV=1.39d or scale=1.2"/pix or FL=649mm 
