PLTSOLVD=T
CRPIX1= 3.1245000000000000E+003
CRPIX2= 2.0885000000000000E+003
CRVAL1= 1.2449509115377269E+002
CRVAL2=-1.2925704530728304E+000
CDELT1= 3.3210164003493224E-004
CDELT2= 3.3214660877302978E-004
CROTA1= 8.3469940967931933E+001
CROTA2= 8.3487567053086863E+001
CD1_1= 3.7768077968867875E-005
CD1_2=-3.2994707393827453E-004
CD2_1= 3.3000335560760585E-004
CD2_2= 3.7671673803325132E-005
CMDLINE="C:\Program Files\astap\astap.exe"   -f "C:\skytrack\Images\Streak_47772_214731.fits" -s 500
DIMENSIONS=6248 x 4176
WARNING=Warning inexact scale! Set FOV=1.39d or scale=1.2"/pix or FL=649mm 
