PLTSOLVD=T
CRPIX1= 3.1245000000000000E+003
CRPIX2= 2.0885000000000000E+003
CRVAL1= 1.3115641366390867E+002
CRVAL2= 4.0742315208468987E+001
CDELT1= 3.3200071215425510E-004
CDELT2= 3.3194747813868731E-004
CROTA1= 8.3482069651277811E+001
CROTA2= 8.3481949811559616E+001
CD1_1= 3.7686775384018092E-005
CD1_2=-3.2985478597723439E-004
CD2_1= 3.2980181723241825E-004
CD2_2= 3.7681422383302556E-005
CMDLINE="C:\Program Files\astap\astap.exe"   -f "C:\skytrack\Images\Streak_48390_212253.fits" -s 500
DIMENSIONS=6248 x 4176
WARNING=Warning inexact scale! Set FOV=1.39d or scale=1.2"/pix or FL=649mm 
