PLTSOLVD=T
CRPIX1= 3.1245000000000000E+003
CRPIX2= 2.0885000000000000E+003
CRVAL1= 1.4313129328416639E+002
CRVAL2= 4.7462769540155584E+001
CDELT1= 3.3216260629044661E-004
CDELT2= 3.3204495275778449E-004
CROTA1= 8.3490375927109866E+001
CROTA2= 8.3495099368615755E+001
CD1_1= 3.7657309280781136E-005
CD1_2=-3.3002109640959900E-004
CD2_1= 3.2990730364272332E-004
CD2_2= 3.7616773587154906E-005
CMDLINE="C:\Program Files\astap\astap.exe"   -f "C:\skytrack\Images\Streak_49436_205645.fits" -s 500
DIMENSIONS=6248 x 4176
WARNING=Warning inexact scale! Set FOV=1.39d or scale=1.2"/pix or FL=649mm 
