PLTSOLVD=T
CRPIX1= 3.1245000000000000E+003
CRPIX2= 2.0885000000000000E+003
CRVAL1= 2.3637080683314451E+002
CRVAL2= 4.4272623198633440E+001
CDELT1= 3.3228278570781618E-004
CDELT2= 3.3213449423600942E-004
CROTA1=-9.6319206557695381E+001
CROTA2=-9.6344818959098589E+001
CD1_1=-3.6573534916009318E-005
CD1_2= 3.3026387362455179E-004
CD2_1=-3.3010010833996482E-004
CD2_2=-3.6704778099769030E-005
CMDLINE="C:\Program Files\astap\astap.exe"   -f "C:\skytrack\Images\Streak_51137_210234.fits" -s 500
DIMENSIONS=6248 x 4176
WARNING=Warning inexact scale! Set FOV=1.39d or scale=1.2"/pix or FL=649mm 
