PLTSOLVD=T
CRPIX1= 3.1245000000000000E+003
CRPIX2= 2.0885000000000000E+003
CRVAL1= 2.0324850513971231E+002
CRVAL2= 2.5625823786192104E+001
CDELT1= 3.3203587575793449E-004
CDELT2= 3.3188348167503969E-004
CROTA1=-9.6321146299163743E+001
CROTA2=-9.6309256768082037E+001
CD1_1=-3.6557530868528515E-005
CD1_2= 3.3001722640967562E-004
CD2_1=-3.2987333434643124E-004
CD2_2=-3.6472300392407237E-005
CMDLINE="C:\Program Files\astap\astap.exe"   -f "C:\skytrack\Images\Streak_63594_211929.fits" -s 500
DIMENSIONS=6248 x 4176
WARNING=Warning inexact scale! Set FOV=1.39d or scale=1.2"/pix or FL=649mm 
