PLTSOLVD=T
CRPIX1= 3.1245000000000000E+003
CRPIX2= 2.0885000000000000E+003
CRVAL1= 1.4817471768411011E+002
CRVAL2=-2.5870023402143327E+000
CDELT1= 3.3198307230708393E-004
CDELT2= 3.3204625624707701E-004
CROTA1= 8.3458099350537410E+001
CROTA2= 8.3479775225844421E+001
CD1_1= 3.7822760647355511E-005
CD1_2=-3.2982146545587865E-004
CD2_1= 3.2989852604142935E-004
CD2_2= 3.7705156191055626E-005
CMDLINE="C:\Program Files\astap\astap.exe"   -f "C:\skytrack\Images\Streak_64855_214823.fits" -s 500
DIMENSIONS=6248 x 4176
WARNING=Warning inexact scale! Set FOV=1.39d or scale=1.2"/pix or FL=649mm 
