PLTSOLVD=T
CRPIX1= 3.1245000000000000E+003
CRPIX2= 2.0885000000000000E+003
CRVAL1= 1.7769812130912794E+002
CRVAL2=-3.6187982724023469E+000
CDELT1= 3.3237811160059317E-004
CDELT2= 3.3235086296667411E-004
CROTA1=-9.6259226439272169E+001
CROTA2=-9.6288608741635414E+001
CD1_1=-3.6238171111441498E-005
CD1_2= 3.3039673731087940E-004
CD2_1=-3.3035102561184977E-004
CD2_2=-3.6404614980685780E-005
CMDLINE="C:\Program Files\astap\astap.exe"   -f "C:\skytrack\Images\Streak_48093_210648.fits" -s 500
DIMENSIONS=6248 x 4176
WARNING=Warning inexact scale! Set FOV=1.39d or scale=1.2"/pix or FL=648mm 
