PLTSOLVD=T
CRPIX1= 3.1245000000000000E+003
CRPIX2= 2.0885000000000000E+003
CRVAL1= 6.4760058442198954E+001
CRVAL2= 3.7925211787282208E+001
CDELT1= 3.3215423705218748E-004
CDELT2= 3.3203683716186930E-004
CROTA1= 8.3439130406775533E+001
CROTA2= 8.3486456368346225E+001
CD1_1= 3.7951509798486862E-005
CD1_2=-3.2997896917187934E-004
CD2_1= 3.2989356223325712E-004
CD2_2= 3.7665618666229533E-005
CMDLINE="C:\Program Files\astap\astap.exe"   -f "C:\skytrack\Images\Streak_52331_211126.fits" -s 500
DIMENSIONS=6248 x 4176
WARNING=Warning inexact scale! Set FOV=1.39d or scale=1.2"/pix or FL=649mm 
