PLTSOLVD=T
CRPIX1= 3.1245000000000000E+003
CRPIX2= 2.0885000000000000E+003
CRVAL1= 2.2371736358150133E+002
CRVAL2= 5.0429827834953251E+001
CDELT1= 3.3207697600152580E-004
CDELT2= 3.3190353399744900E-004
CROTA1=-9.6361171197910892E+001
CROTA2=-9.6344804745354239E+001
CD1_1=-3.6792614550934273E-005
CD1_2= 3.3003245522951881E-004
CD2_1=-3.2987057187531778E-004
CD2_2=-3.6679172436773843E-005
CMDLINE="C:\Program Files\astap\astap.exe"   -f "C:\skytrack\Images\Streak_54068_222813.fits" -s 500
DIMENSIONS=6248 x 4176
WARNING=Warning inexact scale! Set FOV=1.39d or scale=1.2"/pix or FL=649mm 
