PLTSOLVD=T
CRPIX1= 3.1245000000000000E+003
CRPIX2= 2.0885000000000000E+003
CRVAL1= 6.8995438971526610E+001
CRVAL2= 3.8680031288091811E+001
CDELT1= 3.3222053859597369E-004
CDELT2= 3.3203947363303590E-004
CROTA1= 8.3459399200244746E+001
CROTA2= 8.3467170503354779E+001
CD1_1= 3.7842327222526007E-005
CD1_2=-3.3005824415606119E-004
CD2_1= 3.2988348458033484E-004
CD2_2= 3.7776959269368480E-005
CMDLINE="C:\Program Files\astap\astap.exe"   -f "C:\skytrack\Images\Streak_52331_211138.fits" -s 500
DIMENSIONS=6248 x 4176
WARNING=Warning inexact scale! Set FOV=1.39d or scale=1.2"/pix or FL=649mm 
