PLTSOLVD=T
CRPIX1= 3.1245000000000000E+003
CRPIX2= 2.0885000000000000E+003
CRVAL1= 1.1910494096308892E+002
CRVAL2= 3.4561825678844251E+001
CDELT1= 3.3208259736614183E-004
CDELT2= 3.3198693387872694E-004
CROTA1= 8.3494868287325389E+001
CROTA2= 8.3487632055595910E+001
CD1_1= 3.7622368986286865E-005
CD1_2=-3.2994455416827652E-004
CD2_1= 3.2984475377070762E-004
CD2_2= 3.7653189455071057E-005
CMDLINE="C:\Program Files\astap\astap.exe"   -f "C:\skytrack\Images\Streak_52331_211300.fits" -s 500
DIMENSIONS=6248 x 4176
WARNING=Warning inexact scale! Set FOV=1.39d or scale=1.2"/pix or FL=649mm 
