PLTSOLVD=T
CRPIX1= 3.1245000000000000E+003
CRPIX2= 2.0885000000000000E+003
CRVAL1= 1.6268768068172511E+002
CRVAL2= 3.2505941858707139E+001
CDELT1= 3.3209492439479233E-004
CDELT2= 3.3203994023140907E-004
CROTA1=-9.6305484252143614E+001
CROTA2=-9.6306763851450143E+001
CD1_1=-3.6473803159185034E-005
CD1_2= 3.3008589865652830E-004
CD2_1=-3.3003043259779329E-004
CD2_2=-3.6475134930403560E-005
CMDLINE="C:\Program Files\astap\astap.exe"   -f "C:\skytrack\Images\Streak_43071_220427.fits" -s 500
DIMENSIONS=6248 x 4176
WARNING=Warning inexact scale! Set FOV=1.39d or scale=1.2"/pix or FL=649mm 
