PLTSOLVD=T
CRPIX1= 3.1245000000000000E+003
CRPIX2= 2.0885000000000000E+003
CRVAL1= 1.4350699027292987E+002
CRVAL2=-7.5913148188451327E+000
CDELT1= 3.3206173352983033E-004
CDELT2= 3.3215610890415729E-004
CROTA1= 8.3460304917220057E+001
CROTA2= 8.3461359930192543E+001
CD1_1= 3.7819023187785159E-005
CD1_2=-3.2990107056503744E-004
CD2_1= 3.2999552837730174E-004
CD2_2= 3.7823695395027586E-005
CMDLINE="C:\Program Files\astap\astap.exe"   -f "C:\skytrack\Images\Streak_48381_215349.fits" -s 500
DIMENSIONS=6248 x 4176
WARNING=Warning inexact scale! Set FOV=1.39d or scale=1.2"/pix or FL=649mm 
