PLTSOLVD=T
CRPIX1= 3.1245000000000000E+003
CRPIX2= 2.0885000000000000E+003
CRVAL1= 1.5083429197452696E+002
CRVAL2= 1.8297671962482777E+001
CDELT1= 3.3201755823362750E-004
CDELT2= 3.3198837249858847E-004
CROTA1= 8.3471634248668764E+001
CROTA2= 8.3459501784227754E+001
CD1_1= 3.7748767231354198E-005
CD1_2=-3.2986465337761376E-004
CD2_1= 3.2982765684371759E-004
CD2_2= 3.7815291288636389E-005
CMDLINE="C:\Program Files\astap\astap.exe"   -f "C:\skytrack\Images\Streak_64855_214743.fits" -s 500
DIMENSIONS=6248 x 4176
WARNING=Warning inexact scale! Set FOV=1.39d or scale=1.2"/pix or FL=649mm 
