PLTSOLVD=T
CRPIX1= 3.1245000000000000E+003
CRPIX2= 2.0885000000000000E+003
CRVAL1= 3.9798314420775966E+001
CRVAL2= 5.1566607571564383E+001
CDELT1= 3.3237898673489690E-004
CDELT2= 3.3219648213411468E-004
CROTA1= 8.3364206311118409E+001
CROTA2= 8.3437014249233940E+001
CD1_1= 3.8408953095325084E-005
CD1_2=-3.3015230295280066E-004
CD2_1= 3.3001953549079924E-004
CD2_2= 3.7968525606326420E-005
CMDLINE="C:\Program Files\astap\astap.exe"   -f "C:\skytrack\Images\Streak_48140_212501.fits" -s 500
DIMENSIONS=6248 x 4176
WARNING=Warning inexact scale! Set FOV=1.39d or scale=1.2"/pix or FL=649mm 
