PLTSOLVD=T
CRPIX1= 3.1245000000000000E+003
CRPIX2= 2.0885000000000000E+003
CRVAL1= 8.6661434634927090E+001
CRVAL2= 5.5174855396322990E+001
CDELT1= 3.3211955193990391E-004
CDELT2= 3.3208433796179794E-004
CROTA1= 8.3468672115587026E+001
CROTA2= 8.3458600466694151E+001
CD1_1= 3.7777422268125280E-005
CD1_2=-3.2996403311200188E-004
CD2_1= 3.2992240264101728E-004
CD2_2= 3.7831412280062904E-005
CMDLINE="C:\Program Files\astap\astap.exe"   -f "C:\skytrack\Images\Streak_39012_211023.fits" -s 500
DIMENSIONS=6248 x 4176
WARNING=Warning inexact scale! Set FOV=1.39d or scale=1.2"/pix or FL=649mm 
