PLTSOLVD=T
CRPIX1= 3.1245000000000000E+003
CRPIX2= 2.0885000000000000E+003
CRVAL1= 1.3137999300739676E+002
CRVAL2=-5.2552989436321873E+000
CDELT1= 3.3207203435959128E-004
CDELT2= 3.3215112663996201E-004
CROTA1= 8.3471640340405884E+001
CROTA2= 8.3476278502134434E+001
CD1_1= 3.7754925822322043E-005
CD1_2=-3.2991878027761401E-004
CD2_1= 3.3000041565304838E-004
CD2_2= 3.7737204414362757E-005
CMDLINE="C:\Program Files\astap\astap.exe"   -f "C:\skytrack\Images\Streak_47772_214746.fits" -s 500
DIMENSIONS=6248 x 4176
WARNING=Warning inexact scale! Set FOV=1.39d or scale=1.2"/pix or FL=649mm 
