PLTSOLVD=T
CRPIX1= 3.1245000000000000E+003
CRPIX2= 2.0885000000000000E+003
CRVAL1= 1.6653658102283049E+002
CRVAL2= 3.4097316697475919E+000
CDELT1= 3.3208734655412303E-004
CDELT2= 3.3237196611776037E-004
CROTA1=-9.6290114267183398E+001
CROTA2=-9.5969600549223372E+001
CD1_1=-3.6384423797079098E-005
CD1_2= 3.3008813890582735E-004
CD2_1=-3.3056958444002211E-004
CD2_2=-3.4566945253186272E-005
CMDLINE="C:\Program Files\astap\astap.exe"   -f "C:\skytrack\Images\Streak_40339_211716.fits" -s 500
DIMENSIONS=6248 x 4176
WARNING=Warning inexact scale! Set FOV=1.39d or scale=1.2"/pix or FL=648mm 
