PLTSOLVD=T
CRPIX1= 3.1245000000000000E+003
CRPIX2= 2.0885000000000000E+003
CRVAL1= 1.6674093475101887E+002
CRVAL2=-1.4136654213375168E+001
CDELT1= 3.3212151535421980E-004
CDELT2= 3.3212433182291977E-004
CROTA1=-9.6320764423360416E+001
CROTA2=-9.6316927819619437E+001
CD1_1=-3.6564759756657968E-005
CD1_2= 3.3010258906152366E-004
CD2_1=-3.3010783611625805E-004
CD2_2=-3.6542965444290915E-005
CMDLINE="C:\Program Files\astap\astap.exe"   -f "C:\skytrack\Images\Streak_43765_215605.fits" -s 500
DIMENSIONS=6248 x 4176
WARNING=Warning inexact scale! Set FOV=1.39d or scale=1.2"/pix or FL=649mm 
