PLTSOLVD=T
CRPIX1= 3.1245000000000000E+003
CRPIX2= 2.0885000000000000E+003
CRVAL1= 1.3326075231927373E+002
CRVAL2=-6.8971069468822863E+000
CDELT1= 3.3193376829736206E-004
CDELT2= 3.3198741820041701E-004
CROTA1= 8.3485374617622981E+001
CROTA2= 8.3497200016633684E+001
CD1_1= 3.7660153220185795E-005
CD1_2=-3.2979044770205062E-004
CD2_1= 3.2985151817462976E-004
CD2_2= 3.7598162206023835E-005
CMDLINE="C:\Program Files\astap\astap.exe"   -f "C:\skytrack\Images\Streak_53923_211051.fits" -s 500
DIMENSIONS=6248 x 4176
WARNING=Warning inexact scale! Set FOV=1.39d or scale=1.2"/pix or FL=649mm 
