PLTSOLVD=T
CRPIX1= 3.1245000000000000E+003
CRPIX2= 2.0885000000000000E+003
CRVAL1= 2.0873769097330461E+002
CRVAL2= 2.0039158999647203E+001
CDELT1= 3.3207085629232503E-004
CDELT2= 3.3200818824693200E-004
CROTA1=-9.6337698036643062E+001
CROTA2=-9.6350918519668781E+001
CD1_1=-3.6656726923080828E-005
CD1_2= 3.3004141856743477E-004
CD2_1=-3.2997066811904453E-004
CD2_2=-3.6725947830949230E-005
CMDLINE="C:\Program Files\astap\astap.exe"   -f "C:\skytrack\Images\Streak_57973_213918.fits" -s 500
DIMENSIONS=6248 x 4176
WARNING=Warning inexact scale! Set FOV=1.39d or scale=1.2"/pix or FL=649mm 
