PLTSOLVD=T
CRPIX1= 3.1245000000000000E+003
CRPIX2= 2.0885000000000000E+003
CRVAL1= 6.3366399309217194E+001
CRVAL2= 4.4627727751261851E+001
CDELT1= 3.3223177278929105E-004
CDELT2= 3.3209840896870088E-004
CROTA1= 8.3437655276716370E+001
CROTA2= 8.3475701079217700E+001
CD1_1= 3.7968866498989856E-005
CD1_2=-3.3005501969746951E-004
CD2_1= 3.2994765906451887E-004
CD2_2= 3.7734540110971533E-005
CMDLINE="C:\Program Files\astap\astap.exe"   -f "C:\skytrack\Images\Streak_49445_213722.fits" -s 500
DIMENSIONS=6248 x 4176
WARNING=Warning inexact scale! Set FOV=1.39d or scale=1.2"/pix or FL=649mm 
